bond 1   -0.436749864651
bond 2   -1.85192058215
bond 3   -1.91092859251
bond 4   -2.08188103993
bond 5   -1.27605195887
bond 6   -1.89310109256
bond 7   -1.18208431614
bond 8   -0.0577863000688
bond 9   -1.78055043784
bond 10   -1.46530298023
bond 11   -1.8907171143
bond 12   -2.01026804887
bond 13   -2.96563369291
bond 14   -1.28430216781
bond 15   -1.85628199937
bond 16   -1.72660524378
bond 17   -1.67524453122
bond 18   -2.12043035392
bond 19   -1.21103189376
bond 20   -1.62872009138
bond 21   -2.88528155664
angle 1   -2.78651541124
angle 2   -1.72108224195
angle 3   -0.873918952072
angle 4   -3.32012801196
angle 5   -2.3622935368
angle 6   -1.31220912939
angle 7   -2.19785145835
angle 8   -1.38033976281
angle 9   -1.28066870476
angle 10   -1.04051537665
angle 11   -3.08557805495
angle 12   -1.38679615388
angle 13   -1.76589439365
angle 14   -2.88248164903
angle 15   -2.30669048381
angle 16   -2.33769316142
angle 17   -2.3285618781
angle 18   -2.47180090611
angle 19   -2.47612996993
angle 20   -1.6203134378
dihedral 1   -0.30428580235
dihedral 2   -0.354733074701
dihedral 3   -0.936447217164
dihedral 4   -0.615007908559
dihedral 5   -0.598810328799
dihedral 6   -1.54361055383
dihedral 7   -1.82091694198
dihedral 8   -1.4575805327
dihedral 9   -0.719528079961
dihedral 10   -2.36143043802
dihedral 11   -1.8381463659
dihedral 12   -2.20351402485
dihedral 13   -1.66606709218
dihedral 14   -2.8921672581
dihedral 15   -3.05315495879
dihedral 16   -1.99558145817
dihedral 17   -1.87668224557
dihedral 18   -1.48458908977
dihedral 19   -1.41728192306
bond-bond 1  2   -4.41554654382   2.12687609702
bond-bond 1  3   -4.6033401935   2.25566173634
bond-bond 1  4   -4.66906360873   2.15043270415
bond-bond 1  5   -4.57309233633   2.86029051281
bond-bond 1  6   -4.82343426213   2.49358330492
bond-bond 1  7   -4.3533717362   2.73453755541
bond-bond 1  8   -2.68962880466   2.19509263994
bond-bond 1  9   -4.76320842179   2.54590811929
bond-bond 1  10   -4.55627231679   2.65421947191
bond-bond 1  11   -4.90136836737   2.57390138841
bond-bond 1  12   -4.70498703217   2.25796911864
bond-bond 1  13   -5.96495834353   2.56257478596
bond-bond 1  14   -4.37527150438   2.65421947191
bond-bond 1  15   -4.77606350461   2.48303164059
bond-bond 1  16   -4.96076914254   2.79741403411
bond-bond 1  17   -4.62301930558   2.51102490971
bond-bond 1  18   -4.82725087779   2.27007065922
bond-bond 1  19   -4.25656635641   2.608784598
bond-bond 1  20   -4.63628902401   2.57081906799
bond-bond 1  21   -5.6269852901   2.30495386881
bond-bond 2  3   -5.86920134646   2.1063521718
bond-bond 2  4   -6.1235541978   2.18975257573
bond-bond 2  5   -5.83895348929   2.71098094827
bond-bond 2  6   -6.15217189379   2.40715021908
bond-bond 2  7   -5.68210936786   2.64810446957
bond-bond 2  8   -3.95548995762   2.0457830754
bond-bond 2  9   -6.21769901086   2.58522799087
bond-bond 2  10   -5.94788642716   2.63066286478
bond-bond 2  11   -6.23010599903   2.48746830258
bond-bond 2  12   -6.15947762124   2.29728899022
bond-bond 2  13   -7.29369597519   2.47614170013
bond-bond 2  14   -5.64113265734   2.50490990737
bond-bond 2  15   -6.10480113627   2.39659855475
bond-bond 2  16   -6.35238325291   2.77385742698
bond-bond 2  17   -5.95175693724   2.42459182387
bond-bond 2  18   -6.28174146687   2.30939053079
bond-bond 2  19   -5.58530398807   2.52235151216
bond-bond 2  20   -5.90215017698   2.42150950345
bond-bond 2  21   -7.08147587917   2.34427374038
bond-bond 3  4   -6.05984193266   2.06703230023
bond-bond 3  5   -5.83811770286   2.65113715148
bond-bond 3  6   -6.08845962865   2.28442994359
bond-bond 3  7   -5.74415006013   2.65113715148
bond-bond 3  8   -4.01753064989   2.04881575731
bond-bond 3  9   -6.15398674572   2.46250771537
bond-bond 3  10   -5.88417416202   2.50794258928
bond-bond 3  11   -6.2292702126   2.42762450579
bond-bond 3  12   -6.1586418348   2.23744519342
bond-bond 3  13   -7.29286018875   2.41629790333
bond-bond 3  14   -5.7031733496   2.50794258928
bond-bond 3  15   -6.16684182854   2.39963123667
bond-bond 3  16   -6.28867098777   2.65113715148
bond-bond 3  17   -5.9509211508   2.36474802708
bond-bond 3  18   -6.21802920172   2.1866702553
bond-bond 3  19   -5.58446820164   2.46250771537
bond-bond 3  20   -5.83843791183   2.29878922795
bond-bond 3  21   -7.01776361403   2.22155346488
bond-bond 4  5   -6.1553470329   2.79741403411
bond-bond 4  6   -6.34281247999   2.36783034751
bond-bond 4  7   -5.93562643277   2.6716610767
bond-bond 4  8   -4.20900702252   2.06933968253
bond-bond 4  9   -6.40833959706   2.54590811929
bond-bond 4  10   -6.20140349206   2.65421947191
bond-bond 4  11   -6.48362306394   2.51102490971
bond-bond 4  12   -6.28724172874   2.19509263994
bond-bond 4  13   -7.5472130401   2.49969830726
bond-bond 4  14   -6.02040267965   2.65421947191
bond-bond 4  15   -6.35831820118   2.42015516189
bond-bond 4  16   -6.54302383911   2.73453755541
bond-bond 4  17   -6.14239752344   2.3852719523
bond-bond 4  18   -6.28375261695   2.08144122311
bond-bond 4  19   -5.83882105298   2.54590811929
bond-bond 4  20   -6.09279076318   2.38218963187
bond-bond 4  21   -7.27211646537   2.30495386881
bond-bond 5  6   -6.18396472889   3.01481167747
bond-bond 5  7   -5.77677868167   3.31864240666
bond-bond 5  8   -3.98728279272   2.65344453378
bond-bond 5  9   -6.18661536726   3.13001297055
bond-bond 5  10   -5.97967926226   3.23832432316
bond-bond 5  11   -6.32477531284   3.15800623967
bond-bond 5  12   -6.12839397764   2.8420739699
bond-bond 5  13   -7.4512417677   3.20955611592
bond-bond 5  14   -5.79867844984   3.23832432316
bond-bond 5  15   -6.19947045008   3.06713649184
bond-bond 5  16   -6.38417608801   3.38151888536
bond-bond 5  17   -6.04642625105   3.09512976096
bond-bond 5  18   -6.12490486585   2.72842255307
bond-bond 5  19   -5.67997330188   3.19288944925
bond-bond 5  20   -5.93394301208   3.02917096183
bond-bond 5  21   -7.05039223557   2.88905872006
bond-bond 6  7   -6.02712060746   2.95193519876
bond-bond 6  8   -4.30050119722   2.34961380459
bond-bond 6  9   -6.43695729305   2.76330576265
bond-bond 6  10   -6.23002118805   2.87161711527
bond-bond 6  11   -6.51224075993   2.72842255307
bond-bond 6  12   -6.63024181825   2.72687267682
bond-bond 6  13   -7.63870721479   2.77997242932
bond-bond 6  14   -5.98614389693   2.80874063656
bond-bond 6  15   -6.44981237587   2.70042928395
bond-bond 6  16   -6.63451801381   3.01481167747
bond-bond 6  17   -6.29676817684   2.72842255307
bond-bond 6  18   -6.50099974906   2.48746830258
bond-bond 6  19   -5.93031522767   2.82618224136
bond-bond 6  20   -6.18428493787   2.66246375394
bond-bond 6  21   -7.30073416136   2.52235151216
bond-bond 7  8   -3.76756219258   2.52769157638
bond-bond 7  9   -6.02977124583   3.06713649184
bond-bond 7  10   -5.82283514083   3.17544784446
bond-bond 7  11   -6.1050547127   3.03225328226
bond-bond 7  12   -5.9715498562   2.77919749119
bond-bond 7  13   -7.29439764627   3.14667963721
bond-bond 7  14   -5.57895784971   3.11257136576
bond-bond 7  15   -6.10550280735   3.06713649184
bond-bond 7  16   -6.22733196658   3.31864240666
bond-bond 7  17   -5.82670565091   2.96937680356
bond-bond 7  18   -6.09381370183   2.79129903177
bond-bond 7  19   -5.52312918045   3.13001297055
bond-bond 7  20   -5.77709889064   2.96629448313
bond-bond 7  21   -6.89354811413   2.82618224136
bond-bond 8  9   -4.24027535688   2.40193861897
bond-bond 8  10   -4.11365733538   2.59056805508
bond-bond 8  11   -4.44131178116   2.49280836679
bond-bond 8  12   -4.24493044596   2.17687609702
bond-bond 8  13   -5.44202527862   2.41860528563
bond-bond 8  14   -3.78946196076   2.44737349288
bond-bond 8  15   -4.3160069184   2.40193861897
bond-bond 8  16   -4.43783607763   2.65344453378
bond-bond 8  17   -4.16296271937   2.42993188809
bond-bond 8  18   -4.30431781288   2.1261011589
bond-bond 8  19   -3.7336332915   2.46481509767
bond-bond 8  20   -4.0504794804   2.36397308896
bond-bond 8  21   -5.10405222519   2.16098436848
bond-bond 9  10   -6.29554830512   3.04969488705
bond-bond 9  11   -6.577767877   2.90650032485
bond-bond 9  12   -6.38138654179   2.59056805508
bond-bond 9  13   -7.64135785315   2.8951737224
bond-bond 9  14   -5.9887945353   2.92394192964
bond-bond 9  15   -6.45246301424   2.81563057703
bond-bond 9  16   -6.70004513087   3.19288944925
bond-bond 9  17   -6.2365423365   2.78074736744
bond-bond 9  18   -6.44077390872   2.53979311695
bond-bond 9  19   -5.93296586604   2.94138353444
bond-bond 9  20   -6.31268853364   2.90341800442
bond-bond 9  21   -7.30338479972   2.63755280524
bond-bond 10  11   -6.30795529329   2.95193519876
bond-bond 10  12   -6.2373269155   2.7617558864
bond-bond 10  13   -7.43442174816   3.00348507501
bond-bond 10  14   -5.7818584303   3.03225328226
bond-bond 10  15   -6.30840338794   2.98681840835
bond-bond 10  16   -6.43023254717   3.23832432316
bond-bond 10  17   -6.0296062315   2.88905872006
bond-bond 10  18   -6.17096132501   2.58522799087
bond-bond 10  19   -5.72602976104   3.04969488705
bond-bond 10  20   -6.04287594994   2.94885287834
bond-bond 10  21   -7.09644869473   2.74586415786
bond-bond 11  12   -6.45667000867   2.5556848455
bond-bond 11  13   -7.77951779873   2.92316699152
bond-bond 11  14   -6.12695448088   2.95193519876
bond-bond 11  15   -6.52774648111   2.78074736744
bond-bond 11  16   -6.71245211905   3.09512976096
bond-bond 11  17   -6.37470228208   2.80874063656
bond-bond 11  18   -6.51605737559   2.50490990737
bond-bond 11  19   -6.00824933291   2.90650032485
bond-bond 11  20   -6.32509552181   2.80565831614
bond-bond 11  21   -7.3786682666   2.60266959566
bond-bond 12  13   -7.58313646353   2.60723472175
bond-bond 12  14   -5.93057314568   2.63600292899
bond-bond 12  15   -6.39424162461   2.52769157638
bond-bond 12  16   -6.57894726255   2.8420739699
bond-bond 12  17   -6.32151550908   2.63600292899
bond-bond 12  18   -6.3825525191   2.2518541163
bond-bond 12  19   -5.87474447642   2.65344453378
bond-bond 12  20   -6.12871418661   2.48972604637
bond-bond 12  21   -7.2451634101   2.34961380459
bond-bond 13  14   -7.25342093574   3.00348507501
bond-bond 13  15   -7.71708941468   2.8951737224
bond-bond 13  16   -7.83891857391   3.14667963721
bond-bond 13  17   -7.50116873694   2.86029051281
bond-bond 13  18   -7.57964735175   2.49358330492
bond-bond 13  19   -7.13471578778   2.9580502011
bond-bond 13  20   -7.38868549797   2.79433171368
bond-bond 13  21   -8.50513472146   2.65421947191
bond-bond 14  15   -6.00164961812   2.86106545094
bond-bond 14  16   -6.18635525605   3.17544784446
bond-bond 14  17   -5.84860541909   2.88905872006
bond-bond 14  18   -5.9270840339   2.52235151216
bond-bond 14  19   -5.48215246992   2.98681840835
bond-bond 14  20   -5.73612218012   2.82309992093
bond-bond 14  21   -6.85257140361   2.68298767915
bond-bond 15  16   -6.65002373499   3.06713649184
bond-bond 15  17   -6.24939741932   2.71787088874
bond-bond 15  18   -6.39075251283   2.41404015955
bond-bond 15  19   -5.94582094886   2.87850705573
bond-bond 15  20   -6.19979065905   2.71478856831
bond-bond 15  21   -7.31623988254   2.57467632654
bond-bond 16  17   -6.43410305726   3.03225328226
bond-bond 16  18   -6.57545815077   2.72842255307
bond-bond 16  19   -6.13052658679   3.19288944925
bond-bond 16  20   -6.38449629699   3.02917096183
bond-bond 16  21   -7.50094552048   2.88905872006
bond-bond 17  18   -6.30058479251   2.50490990737
bond-bond 17  19   -5.72990027112   2.84362384615
bond-bond 17  20   -6.04674646002   2.74278183743
bond-bond 17  21   -7.10031920481   2.53979311695
bond-bond 18  19   -5.87125536463   2.53979311695
bond-bond 18  20   -6.25097803224   2.50182758694
bond-bond 18  21   -7.30455077703   2.29883886647
bond-bond 19  20   -5.80604646826   2.96629448313
bond-bond 19  21   -6.79674273435   2.70042928395
bond-bond 20  21   -7.05071244454   2.53671079653
bond-angle 1  1   -5.81460826909   2.59134299321
bond-angle 1  2   -4.49689424687   2.33906214026
bond-angle 1  3   -3.96488828863   2.65421947191
bond-angle 1  4   -6.33077926502   2.57390138841
bond-angle 1  5   -5.04646085576   2.24741745432
bond-angle 1  6   -4.38573686116   2.63677786712
bond-angle 1  7   -4.95391447617   2.31931315317
bond-angle 1  8   -4.33345460138   2.51636497392
bond-angle 1  9   -4.38907964611   2.6716610767
bond-angle 1  10   -4.30267254454   2.82540730323
bond-angle 1  11   -6.03335282931   2.51102490971
bond-angle 1  12   -4.41488901173   2.59134299321
bond-angle 1  13   -4.77346332629   2.57081906799
bond-angle 1  14   -5.99089259038   2.6716610767
bond-angle 1  15   -5.39765982037   2.65421947191
bond-angle 1  16   -5.55441545539   2.77997242932
bond-angle 1  17   -5.10437388302   2.33906214026
bond-angle 1  18   -5.29382272307   2.3852719523
bond-angle 1  19   -5.52166443258   2.608784598
bond-angle 1  20   -4.66584790045   2.608784598
bond-angle 2  1   -6.95471646465   2.31628047126
bond-angle 2  2   -5.88850835724   2.31550553313
bond-angle 2  3   -5.2936259203   2.56778638607
bond-angle 2  4   -7.59664041798   2.42459182387
bond-angle 2  5   -6.43807496613   2.22386084718
bond-angle 2  6   -5.71447449283   2.55034478128
bond-angle 2  7   -6.28265210784   2.23288006734
bond-angle 2  8   -5.66219223305   2.42993188809
bond-angle 2  9   -5.71781727778   2.58522799087
bond-angle 2  10   -5.50565721879   2.61322125999
bond-angle 2  11   -7.36209046098   2.42459182387
bond-angle 2  12   -5.7436266434   2.50490990737
bond-angle 2  13   -6.16507743666   2.54726246086
bond-angle 2  14   -7.31963022205   2.58522799087
bond-angle 2  15   -6.78927393074   2.63066286478
bond-angle 2  16   -6.73995852486   2.55034478128
bond-angle 2  17   -6.43311151468   2.25262905443
bond-angle 2  18   -6.62256035473   2.29883886647
bond-angle 2  19   -6.85040206424   2.52235151216
bond-angle 2  20   -6.05746201082   2.58522799087
bond-angle 3  1   -7.01675715691   2.31931315317
bond-angle 3  2   -5.95054904951   2.31853821505
bond-angle 3  3   -5.41854309127   2.63369554669
bond-angle 3  4   -7.73899919375   2.50794258928
bond-angle 3  5   -6.5001156584   2.2268935291
bond-angle 3  6   -5.65076222769   2.42762450579
bond-angle 3  7   -6.40756927881   2.29878922795
bond-angle 3  8   -5.72423292532   2.43296457
bond-angle 3  9   -5.71698149134   2.52538419407
bond-angle 3  10   -5.63057438976   2.6791304206
bond-angle 3  11   -7.42413115325   2.42762450579
bond-angle 3  12   -5.80566733567   2.50794258928
bond-angle 3  13   -6.18168325501   2.50486026886
bond-angle 3  14   -7.31879443561   2.52538419407
bond-angle 3  15   -6.7884381443   2.57081906799
bond-angle 3  16   -6.73912273842   2.49050098449
bond-angle 3  17   -6.55802868565   2.31853821505
bond-angle 3  18   -6.62172456829   2.23899506967
bond-angle 3  19   -6.84956627781   2.46250771537
bond-angle 3  20   -6.05662622438   2.52538419407
bond-angle 4  1   -7.20823352955   2.33983707839
bond-angle 4  2   -6.07914894344   2.27618566156
bond-angle 4  3   -5.5471429852   2.59134299321
bond-angle 4  4   -7.91303396159   2.51102490971
bond-angle 4  5   -6.62871555233   2.18454097561
bond-angle 4  6   -5.90511507903   2.51102490971
bond-angle 4  7   -6.47329269404   2.19356019576
bond-angle 4  8   -5.91570929795   2.45348849522
bond-angle 4  9   -5.97133434268   2.608784598
bond-angle 4  10   -5.8220507624   2.69965434582
bond-angle 4  11   -7.61560752588   2.44814843101
bond-angle 4  12   -6.06002018701   2.59134299321
bond-angle 4  13   -6.29284154416   2.44506611058
bond-angle 4  14   -7.57314728695   2.608784598
bond-angle 4  15   -7.04279099564   2.65421947191
bond-angle 4  16   -6.93059911106   2.51102490971
bond-angle 4  17   -6.68662857959   2.27618566156
bond-angle 4  18   -6.87607741964   2.3223954736
bond-angle 4  19   -7.22967208656   2.6716610767
bond-angle 4  20   -6.24810259702   2.54590811929
bond-angle 5  1   -7.04938577845   2.98681840835
bond-angle 5  2   -5.92030119234   2.92316699152
bond-angle 5  3   -5.3882952341   3.23832432316
bond-angle 5  4   -7.69130973179   3.09512976096
bond-angle 5  5   -6.40699132253   2.76864582686
bond-angle 5  6   -5.74626732793   3.15800623967
bond-angle 5  7   -6.31444494294   2.84054152572
bond-angle 5  8   -5.69398506815   3.03759334647
bond-angle 5  9   -5.87536307029   3.31864240666
bond-angle 5  10   -5.6003265326   3.28375919708
bond-angle 5  11   -7.45675977478   3.09512976096
bond-angle 5  12   -5.8382959572   3.17544784446
bond-angle 5  13   -6.13399379306   3.09204744054
bond-angle 5  14   -7.41429953585   3.25576592796
bond-angle 5  15   -6.82106676584   3.23832432316
bond-angle 5  16   -6.77175135996   3.15800623967
bond-angle 5  17   -6.52778082848   2.92316699152
bond-angle 5  18   -6.71722966854   2.96937680356
bond-angle 5  19   -7.00794785675   3.25576592796
bond-angle 5  20   -6.08925484592   3.19288944925
bond-angle 6  1   -7.29972770424   2.62011120045
bond-angle 6  2   -6.35927255425   2.74508921973
bond-angle 6  3   -5.6386371599   2.87161711527
bond-angle 6  4   -8.00452813629   2.79129903177
bond-angle 6  5   -6.72020972703   2.46481509767
bond-angle 6  6   -6.05948573243   2.85417551047
bond-angle 6  7   -6.56478686873   2.47383431782
bond-angle 6  8   -6.07007995135   2.79663909598
bond-angle 6  9   -6.18858147478   3.01481167747
bond-angle 6  10   -5.85066845839   2.91705198918
bond-angle 6  11   -7.76997817928   2.79129903177
bond-angle 6  12   -6.088637883   2.80874063656
bond-angle 6  13   -6.51008867626   2.85109319005
bond-angle 6  14   -7.66464146165   2.88905872006
bond-angle 6  15   -7.19716164904   2.99737007267
bond-angle 6  16   -7.02209328575   2.79129903177
bond-angle 6  17   -6.77812275428   2.55645978362
bond-angle 6  18   -6.96757159433   2.60266959566
bond-angle 6  19   -7.25828978255   2.88905872006
bond-angle 6  20   -6.33959677172   2.82618224136
bond-angle 7  1   -6.89254165702   2.92394192964
bond-angle 7  2   -5.76345707091   2.86029051281
bond-angle 7  3   -5.23145111267   3.17544784446
bond-angle 7  4   -7.53446561036   3.03225328226
bond-angle 7  5   -6.3130236798   2.76864582686
bond-angle 7  6   -5.5894232065   3.09512976096
bond-angle 7  7   -6.15760082151   2.77766504702
bond-angle 7  8   -5.53714094672   2.97471686777
bond-angle 7  9   -5.65564247015   3.19288944925
bond-angle 7  10   -5.44348241117   3.22088271837
bond-angle 7  11   -7.36279213206   3.09512976096
bond-angle 7  12   -5.68145183577   3.11257136576
bond-angle 7  13   -5.97714967162   3.02917096183
bond-angle 7  14   -7.25745541442   3.19288944925
bond-angle 7  15   -6.6642226444   3.17544784446
bond-angle 7  16   -6.61490723852   3.09512976096
bond-angle 7  17   -6.43381318576   2.92316699152
bond-angle 7  18   -6.5603855471   2.90650032485
bond-angle 7  19   -6.78822725662   3.13001297055
bond-angle 7  20   -5.93241072449   3.13001297055
bond-angle 8  1   -5.16592224678   2.32162053547
bond-angle 8  2   -4.18003222287   2.40116368084
bond-angle 8  3   -3.58514978593   2.65344453378
bond-angle 8  4   -5.80784620011   2.42993188809
bond-angle 8  5   -4.64928074826   2.2292009114
bond-angle 8  6   -3.79992731755   2.42993188809
bond-angle 8  7   -4.43098141127   2.17534365285
bond-angle 8  8   -3.95371609868   2.5155900358
bond-angle 8  9   -3.86614658121   2.52769157638
bond-angle 8  10   -3.65398652222   2.5556848455
bond-angle 8  11   -5.57329624311   2.42993188809
bond-angle 8  12   -4.01770890423   2.57312645029
bond-angle 8  13   -4.25053026138   2.42684956766
bond-angle 8  14   -5.40508304677   2.46481509767
bond-angle 8  15   -4.87472675546   2.51024997158
bond-angle 8  16   -4.88828782828   2.49280836679
bond-angle 8  17   -4.77007025422   2.38372207605
bond-angle 8  18   -4.85120774165   2.32162053547
bond-angle 8  19   -5.06160784637   2.52769157638
bond-angle 8  20   -4.08003835684   2.40193861897
bond-angle 9  1   -7.36525482131   2.79818897224
bond-angle 9  2   -6.1732937565   2.6716610767
bond-angle 9  3   -5.70416427697   3.04969488705
bond-angle 9  4   -8.00717877465   2.90650032485
bond-angle 9  5   -6.7857368441   2.64289286946
bond-angle 9  6   -6.06213637079   2.96937680356
bond-angle 9  7   -6.6303139858   2.65191208961
bond-angle 9  8   -6.00985411101   2.84896391036
bond-angle 9  9   -6.06547915574   3.00426001314
bond-angle 9  10   -5.85331909676   3.03225328226
bond-angle 9  11   -7.70975233894   2.84362384615
bond-angle 9  12   -6.09128852136   2.92394192964
bond-angle 9  13   -6.38698635721   2.84054152572
bond-angle 9  14   -7.66729210001   3.00426001314
bond-angle 9  15   -7.07405932999   2.98681840835
bond-angle 9  16   -7.08762040282   2.96937680356
bond-angle 9  17   -6.84364987135   2.73453755541
bond-angle 9  18   -7.0959751901   2.84362384615
bond-angle 9  19   -7.26094042091   3.00426001314
bond-angle 9  20   -6.34224741008   2.94138353444
bond-angle 10  1   -7.15831871631   2.90650032485
bond-angle 10  2   -5.9663576515   2.77997242932
bond-angle 10  3   -5.49722817197   3.15800623967
bond-angle 10  4   -7.73736619095   2.95193519876
bond-angle 10  5   -6.5788007391   2.75120422207
bond-angle 10  6   -5.79232378709   3.01481167747
bond-angle 10  7   -6.3605014021   2.69734696352
bond-angle 10  8   -5.74004152731   2.89439878427
bond-angle 10  9   -5.85854305074   3.11257136576
bond-angle 10  10   -5.64638299176   3.14056463488
bond-angle 10  11   -7.50281623394   2.95193519876
bond-angle 10  12   -5.94722889507   3.09512976096
bond-angle 10  13   -6.18005025221   2.94885287834
bond-angle 10  14   -7.46035599501   3.11257136576
bond-angle 10  15   -6.867123225   3.09512976096
bond-angle 10  16   -6.81780781912   3.01481167747
bond-angle 10  17   -6.63671376635   2.84284890802
bond-angle 10  18   -6.8890390851   2.95193519876
bond-angle 10  19   -6.99112783721   3.04969488705
bond-angle 10  20   -6.19818778379   3.11257136576
bond-angle 11  1   -7.37766180949   2.70042928395
bond-angle 11  2   -6.37433018078   2.76253082453
bond-angle 11  3   -5.77944774384   3.01481167747
bond-angle 11  4   -8.01958576282   2.80874063656
bond-angle 11  5   -6.73526735356   2.48225670246
bond-angle 11  6   -6.07454335896   2.87161711527
bond-angle 11  7   -6.76847393138   2.67990535873
bond-angle 11  8   -6.08513757789   2.81408070078
bond-angle 11  9   -6.20363910132   3.03225328226
bond-angle 11  10   -5.99147904234   3.06024655138
bond-angle 11  11   -7.78503580582   2.80874063656
bond-angle 11  12   -6.16657198824   2.88905872006
bond-angle 11  13   -6.46226982409   2.80565831614
bond-angle 11  14   -7.80545204559   3.03225328226
bond-angle 11  15   -7.14934279687   2.95193519876
bond-angle 11  16   -7.16290386969   2.93449359397
bond-angle 11  17   -6.85605685952   2.63677786712
bond-angle 11  18   -7.04550569957   2.68298767915
bond-angle 11  19   -7.33622388779   2.96937680356
bond-angle 11  20   -6.41753087696   2.90650032485
bond-angle 12  1   -7.24415695299   2.44737349288
bond-angle 12  2   -6.24082532429   2.50947503346
bond-angle 12  3   -5.58306640864   2.6988794077
bond-angle 12  4   -7.88608090633   2.5556848455
bond-angle 12  5   -6.66463897577   2.2920773901
bond-angle 12  6   -5.94103850247   2.6185613242
bond-angle 12  7   -6.57209259618   2.36397308896
bond-angle 12  8   -5.95163272139   2.56102490971
bond-angle 12  9   -6.00725776612   2.71632101249
bond-angle 12  10   -5.79509770713   2.74431428161
bond-angle 12  11   -7.77728390673   2.6814378029
bond-angle 12  12   -6.15882008915   2.7617558864
bond-angle 12  13   -6.3916414463   2.61547900377
bond-angle 12  14   -7.60907071039   2.71632101249
bond-angle 12  15   -7.14159089778   2.8246323651
bond-angle 12  16   -6.96652253449   2.6185613242
bond-angle 12  17   -6.72255200302   2.38372207605
bond-angle 12  18   -6.97487732178   2.49280836679
bond-angle 12  19   -7.20271903129   2.71632101249
bond-angle 12  20   -6.34690249916   2.71632101249
bond-angle 13  1   -8.50412826435   2.7519791602
bond-angle 13  2   -7.43792015694   2.75120422207
bond-angle 13  3   -6.84303772   3.00348507501
bond-angle 13  4   -9.14605221769   2.86029051281
bond-angle 13  5   -7.86173380843   2.53380657872
bond-angle 13  6   -7.26388629253   2.98604347022
bond-angle 13  7   -7.76918742884   2.60570227757
bond-angle 13  8   -7.14872755405   2.80275409832
bond-angle 13  9   -7.33010555618   3.08380315851
bond-angle 13  10   -7.05506901849   3.04891994893
bond-angle 13  11   -8.91150226068   2.86029051281
bond-angle 13  12   -7.2930384431   2.94060859631
bond-angle 13  13   -7.65161275766   2.92008467109
bond-angle 13  14   -8.93191850045   3.08380315851
bond-angle 13  15   -8.27580925173   3.00348507501
bond-angle 13  16   -8.22649384585   2.92316699152
bond-angle 13  17   -8.04539979309   2.75120422207
bond-angle 13  18   -8.17197215443   2.73453755541
bond-angle 13  19   -8.46269034265   3.02092667981
bond-angle 13  20   -7.54399733182   2.9580502011
bond-angle 14  1   -6.85156494649   2.78074736744
bond-angle 14  2   -5.72248036038   2.71709595061
bond-angle 14  3   -5.19047440215   3.03225328226
bond-angle 14  4   -7.49348889983   2.88905872006
bond-angle 14  5   -6.27204696928   2.62545126466
bond-angle 14  6   -5.54844649597   2.95193519876
bond-angle 14  7   -6.11662411098   2.63447048482
bond-angle 14  8   -5.49616423619   2.83152230557
bond-angle 14  9   -5.67754223833   3.11257136576
bond-angle 14  10   -5.40250570064   3.07768815617
bond-angle 14  11   -7.25893894283   2.88905872006
bond-angle 14  12   -5.64047512525   2.96937680356
bond-angle 14  13   -5.9990494398   2.94885287834
bond-angle 14  14   -7.2164787039   3.04969488705
bond-angle 14  15   -6.62324593388   3.03225328226
bond-angle 14  16   -6.573930528   2.95193519876
bond-angle 14  17   -6.39283647523   2.77997242932
bond-angle 14  18   -6.51940883658   2.76330576265
bond-angle 14  19   -6.8101270248   3.04969488705
bond-angle 14  20   -5.89143401396   2.98681840835
bond-angle 15  1   -7.37810990413   2.73531249353
bond-angle 15  2   -6.18614883932   2.608784598
bond-angle 15  3   -5.71701935979   2.98681840835
bond-angle 15  4   -7.95715737877   2.78074736744
bond-angle 15  5   -6.67283896951   2.45426343334
bond-angle 15  6   -6.07499145361   2.90650032485
bond-angle 15  7   -6.64316906862   2.5890356109
bond-angle 15  8   -5.95983271513   2.72321095295
bond-angle 15  9   -6.07833423856   2.94138353444
bond-angle 15  10   -5.92905065828   3.03225328226
bond-angle 15  11   -7.84836037917   2.90650032485
bond-angle 15  12   -6.10414360418   2.86106545094
bond-angle 15  13   -6.46271791874   2.84054152572
bond-angle 15  14   -7.68014718283   2.94138353444
bond-angle 15  15   -7.08691441281   2.92394192964
bond-angle 15  16   -7.03759900693   2.84362384615
bond-angle 15  17   -6.79362847546   2.608784598
bond-angle 15  18   -6.98307731551   2.65499441004
bond-angle 15  19   -7.21091902503   2.87850705573
bond-angle 15  20   -6.3551024929   2.87850705573
bond-angle 16  1   -7.49993906336   2.98681840835
bond-angle 16  2   -6.37085447725   2.92316699152
bond-angle 16  3   -5.90172499772   3.30120080187
bond-angle 16  4   -8.1418630167   3.09512976096
bond-angle 16  5   -6.92042108615   2.83152230557
bond-angle 16  6   -6.25969709154   3.22088271837
bond-angle 16  7   -6.82787470656   2.90341800442
bond-angle 16  8   -6.14453835306   3.03759334647
bond-angle 16  9   -6.2630398765   3.25576592796
bond-angle 16  10   -6.05087981751   3.28375919708
bond-angle 16  11   -7.9073130597   3.09512976096
bond-angle 16  12   -6.28884924212   3.17544784446
bond-angle 16  13   -6.58454707797   3.09204744054
bond-angle 16  14   -7.86485282077   3.25576592796
bond-angle 16  15   -7.27162005075   3.23832432316
bond-angle 16  16   -7.28518112357   3.22088271837
bond-angle 16  17   -6.9783341134   2.92316699152
bond-angle 16  18   -7.23065943215   3.03225328226
bond-angle 16  19   -7.39562466296   3.19288944925
bond-angle 16  20   -6.53980813084   3.19288944925
bond-angle 17  1   -7.09931274769   2.63755280524
bond-angle 17  2   -6.09598111899   2.69965434582
bond-angle 17  3   -5.50109868205   2.95193519876
bond-angle 17  4   -7.74123670103   2.74586415786
bond-angle 17  5   -6.45691829177   2.41938022376
bond-angle 17  6   -5.79619429717   2.80874063656
bond-angle 17  7   -6.42724839089   2.55415240132
bond-angle 17  8   -5.8696649948   2.81408070078
bond-angle 17  9   -5.98816651823   3.03225328226
bond-angle 17  10   -5.65025350184   2.93449359397
bond-angle 17  11   -7.56956322273   2.80874063656
bond-angle 17  12   -5.95109940515   2.88905872006
bond-angle 17  13   -6.1839207623   2.74278183743
bond-angle 17  14   -7.4642265051   2.90650032485
bond-angle 17  15   -6.99674669249   3.01481167747
bond-angle 17  16   -6.8216783292   2.80874063656
bond-angle 17  17   -6.57770779773   2.57390138841
bond-angle 17  18   -6.89290959519   2.74586415786
bond-angle 17  19   -7.1207513047   2.96937680356
bond-angle 17  20   -6.13918181517   2.84362384615
bond-angle 18  1   -7.36642079861   2.45947503346
bond-angle 18  2   -6.2373362125   2.39582361663
bond-angle 18  3   -5.57957729686   2.58522799087
bond-angle 18  4   -8.00834475195   2.56778638607
bond-angle 18  5   -6.59827338528   2.11554949457
bond-angle 18  6   -6.00042586939   2.56778638607
bond-angle 18  7   -6.6314799631   2.31319815083
bond-angle 18  8   -6.07389656702   2.57312645029
bond-angle 18  9   -6.06664513304   2.66554607436
bond-angle 18  10   -5.79160859535   2.63066286478
bond-angle 18  11   -7.64804183754   2.44203342867
bond-angle 18  12   -6.02957801996   2.52235151216
bond-angle 18  13   -6.38815233451   2.50182758694
bond-angle 18  14   -7.60558159861   2.60266959566
bond-angle 18  15   -7.138101786   2.71098094827
bond-angle 18  16   -6.96303342271   2.50490990737
bond-angle 18  17   -6.78193936994   2.33294713793
bond-angle 18  18   -6.90851173129   2.31628047126
bond-angle 18  19   -7.19922991951   2.60266959566
bond-angle 18  20   -6.28053690868   2.53979311695
bond-angle 19  1   -6.79573627723   2.79818897224
bond-angle 19  2   -5.66665169112   2.73453755541
bond-angle 19  3   -5.13464573288   3.04969488705
bond-angle 19  4   -7.43766023057   2.90650032485
bond-angle 19  5   -6.15334182131   2.58001639075
bond-angle 19  6   -5.55549430541   3.03225328226
bond-angle 19  7   -6.06079544172   2.65191208961
bond-angle 19  8   -5.44033556693   2.84896391036
bond-angle 19  9   -5.55883709036   3.06713649184
bond-angle 19  10   -5.40955351008   3.15800623967
bond-angle 19  11   -7.20311027356   2.90650032485
bond-angle 19  12   -5.58464645598   2.98681840835
bond-angle 19  13   -5.94322077054   2.96629448313
bond-angle 19  14   -7.16065003463   3.06713649184
bond-angle 19  15   -6.56741726462   3.04969488705
bond-angle 19  16   -6.51810185874   2.96937680356
bond-angle 19  17   -6.33700780597   2.79741403411
bond-angle 19  18   -6.46358016732   2.78074736744
bond-angle 19  19   -6.69142187683   3.00426001314
bond-angle 19  20   -5.8356053447   3.00426001314
bond-angle 20  1   -7.11258246613   2.69734696352
bond-angle 20  2   -5.98349788002   2.63369554669
bond-angle 20  3   -5.45149192178   2.94885287834
bond-angle 20  4   -7.75450641947   2.80565831614
bond-angle 20  5   -6.47018801021   2.47917438204
bond-angle 20  6   -5.74658753691   2.80565831614
bond-angle 20  7   -6.31476515192   2.48819360219
bond-angle 20  8   -5.75718175583   2.74812190165
bond-angle 20  9   -5.81280680056   2.90341800442
bond-angle 20  10   -5.60064674157   2.93141127354
bond-angle 20  11   -7.45707998376   2.74278183743
bond-angle 20  12   -5.83861616618   2.82309992093
bond-angle 20  13   -6.13431400203   2.73969951701
bond-angle 20  14   -7.41461974483   2.90341800442
bond-angle 20  15   -6.82138697481   2.88597639963
bond-angle 20  16   -6.77207156893   2.80565831614
bond-angle 20  17   -6.59097751617   2.63369554669
bond-angle 20  18   -6.78042635622   2.67990535873
bond-angle 20  19   -6.94539158703   2.84054152572
bond-angle 20  20   -6.1524515336   2.90341800442
bond-angle 21  1   -8.16615521092   2.49435824304
bond-angle 21  2   -7.09994710351   2.49358330492
bond-angle 21  3   -6.50506466657   2.74586415786
bond-angle 21  4   -8.99670860037   2.79129903177
bond-angle 21  5   -7.523760755   2.27618566156
bond-angle 21  6   -6.8630367604   2.66554607436
bond-angle 21  7   -7.49409085411   2.41095783912
bond-angle 21  8   -6.81075450062   2.54513318117
bond-angle 21  9   -6.92925602405   2.76330576265
bond-angle 21  10   -6.71709596506   2.79129903177
bond-angle 21  11   -8.57352920725   2.60266959566
bond-angle 21  12   -6.95506538967   2.68298767915
bond-angle 21  13   -7.31363970423   2.66246375394
bond-angle 21  14   -8.53106896832   2.76330576265
bond-angle 21  15   -7.9378361983   2.74586415786
bond-angle 21  16   -7.88852079242   2.66554607436
bond-angle 21  17   -7.64455026095   2.43070682621
bond-angle 21  18   -7.89687557971   2.53979311695
bond-angle 21  19   -8.06184081052   2.70042928395
bond-angle 21  20   -7.26890075709   2.76330576265
bond-dihedral 1  1   -3.34904532687   2.60800965987
bond-dihedral 1  2   -3.39949259923   2.60800965987
bond-dihedral 1  3   -3.52741997393   2.15422289211
bond-dihedral 1  4   -3.47113799697   2.41938022376
bond-dihedral 1  5   -3.54350278273   2.50794258928
bond-dihedral 1  6   -4.52549359965   2.54513318117
bond-dihedral 1  7   -4.91188627854   2.65421947191
bond-dihedral 1  8   -4.53110826447   2.63677786712
bond-dihedral 1  9   -3.74762093782   2.59134299321
bond-dihedral 1  10   -5.43495816979   2.63677786712
bond-dihedral 1  11   -4.66016818285   2.3852719523
bond-dihedral 1  12   -4.99676763455   2.35650374506
bond-dihedral 1  13   -4.71160155483   2.608784598
bond-dihedral 1  14   -5.81117382521   2.48225670246
bond-dihedral 1  15   -5.89184344241   2.40193861897
bond-dihedral 1  16   -4.49628130262   2.0639499798
bond-dihedral 1  17   -4.6350526457   2.32162053547
bond-dihedral 1  18   -4.5095996272   2.58826067278
bond-dihedral 1  19   -4.44537478091   2.59134299321
bond-dihedral 2  1   -4.61490647984   2.45870009533
bond-dihedral 2  2   -4.45928271128   2.25262905443
bond-dihedral 2  3   -4.79328112689   2.00491332758
bond-dihedral 2  4   -4.98850506475   2.52157657404
bond-dihedral 2  5   -4.8722404144   2.42150950345
bond-dihedral 2  6   -5.79135475262   2.39582361663
bond-dihedral 2  7   -6.1777474315   2.50490990737
bond-dihedral 2  8   -5.79696941743   2.48746830258
bond-dihedral 2  9   -5.13923504819   2.56778638607
bond-dihedral 2  10   -6.76369580146   2.55034478128
bond-dihedral 2  11   -5.98890581452   2.29883886647
bond-dihedral 2  12   -6.32550526622   2.27007065922
bond-dihedral 2  13   -5.97746270779   2.45947503346
bond-dihedral 2  14   -7.13991145688   2.39582361663
bond-dihedral 2  15   -7.28345755278   2.37838201184
bond-dihedral 2  16   -5.88789541299   2.04039337267
bond-dihedral 2  17   -5.96379027736   2.23518744964
bond-dihedral 2  18   -5.90121373757   2.56470406565
bond-dihedral 2  19   -5.77411241258   2.50490990737
bond-dihedral 3  1   -4.6769471721   2.46173277725
bond-dihedral 3  2   -4.64707636096   2.38141469375
bond-dihedral 3  3   -4.91819829786   2.07082248819
bond-dihedral 3  4   -4.7990398422   2.27310334113
bond-dihedral 3  5   -4.93428110667   2.42454218536
bond-dihedral 3  6   -5.79051896618   2.33597981984
bond-dihedral 3  7   -6.17691164507   2.44506611058
bond-dihedral 3  8   -5.79613363099   2.42762450579
bond-dihedral 3  9   -5.13839926175   2.50794258928
bond-dihedral 3  10   -6.76286001502   2.49050098449
bond-dihedral 3  11   -5.98807002808   2.23899506967
bond-dihedral 3  12   -6.32466947978   2.21022686243
bond-dihedral 3  13   -5.97662692135   2.39963123667
bond-dihedral 3  14   -7.20195214914   2.39885629854
bond-dihedral 3  15   -7.40837472375   2.44429117245
bond-dihedral 3  16   -5.88705962655   1.98054957588
bond-dihedral 3  17   -5.96295449092   2.17534365285
bond-dihedral 3  18   -5.98069603463   2.58517835235
bond-dihedral 3  19   -5.83615310485   2.50794258928
bond-dihedral 4  1   -4.86842354474   2.48225670246
bond-dihedral 4  2   -4.77567625489   2.33906214026
bond-dihedral 4  3   -5.1725511492   2.15422289211
bond-dihedral 4  4   -5.17914565095   2.48225670246
bond-dihedral 4  5   -5.18863395801   2.50794258928
bond-dihedral 4  6   -6.04487181752   2.41938022376
bond-dihedral 4  7   -6.43126449641   2.5284665145
bond-dihedral 4  8   -6.11336296104   2.57390138841
bond-dihedral 4  9   -5.32987563439   2.5284665145
bond-dihedral 4  10   -6.95433638766   2.51102490971
bond-dihedral 4  11   -6.30529935813   2.3852719523
bond-dihedral 4  12   -6.57902233112   2.29362726635
bond-dihedral 4  13   -6.3567327301   2.608784598
bond-dihedral 4  14   -7.39342852178   2.41938022376
bond-dihedral 4  15   -7.47409813898   2.33906214026
bond-dihedral 4  16   -6.1414124779   2.0639499798
bond-dihedral 4  17   -6.15443086356   2.19586757806
bond-dihedral 4  18   -6.09185432377   2.52538419407
bond-dihedral 4  19   -5.96475299878   2.4655900358
bond-dihedral 5  1   -4.70957579364   3.12923803242
bond-dihedral 5  2   -4.61682850379   2.98604347022
bond-dihedral 5  3   -4.9508269194   2.73832774337
bond-dihedral 5  4   -4.89454494244   3.00348507501
bond-dihedral 5  5   -5.02978620691   3.15492391924
bond-dihedral 5  6   -5.82314758772   3.00348507501
bond-dihedral 5  7   -6.27241674531   3.17544784446
bond-dihedral 5  8   -5.89163873123   3.15800623967
bond-dihedral 5  9   -5.23390436199   3.23832432316
bond-dihedral 5  10   -6.79548863656   3.15800623967
bond-dihedral 5  11   -6.08357512832   2.96937680356
bond-dihedral 5  12   -6.42017458002   2.94060859631
bond-dihedral 5  13   -6.07213202159   3.13001297055
bond-dihedral 5  14   -7.23458077068   3.06636155372
bond-dihedral 5  15   -7.31525038788   2.98604347022
bond-dihedral 5  16   -5.85681176939   2.58517835235
bond-dihedral 5  17   -5.93270663376   2.77997242932
bond-dihedral 5  18   -5.93300657267   3.17236552403
bond-dihedral 5  19   -5.80590524768   3.11257136576
bond-dihedral 6  1   -4.95991771943   2.76253082453
bond-dihedral 6  2   -4.86717042958   2.61933626233
bond-dihedral 6  3   -5.13829236649   2.30874405677
bond-dihedral 6  4   -5.14488686823   2.63677786712
bond-dihedral 6  5   -5.2801281327   2.78821671134
bond-dihedral 6  6   -6.27956055441   2.84284890802
bond-dihedral 6  7   -6.5856351498   2.87161711527
bond-dihedral 6  8   -6.20485713573   2.85417551047
bond-dihedral 6  9   -5.48424628779   2.87161711527
bond-dihedral 6  10   -7.04583056235   2.79129903177
bond-dihedral 6  11   -6.39679353282   2.66554607436
bond-dihedral 6  12   -6.73339298452   2.63677786712
bond-dihedral 6  13   -6.38535042609   2.82618224136
bond-dihedral 6  14   -7.48492269648   2.69965434582
bond-dihedral 6  15   -7.56559231368   2.61933626233
bond-dihedral 6  16   -6.23290665259   2.34422410186
bond-dihedral 6  17   -6.24592503826   2.47614170013
bond-dihedral 6  18   -6.18334849846   2.80565831614
bond-dihedral 6  19   -6.11912365218   2.80874063656
bond-dihedral 7  1   -4.55273167221   3.06636155372
bond-dihedral 7  2   -4.39710790366   2.86029051281
bond-dihedral 7  3   -4.79398279797   2.67545126466
bond-dihedral 7  4   -4.73770082101   2.94060859631
bond-dihedral 7  5   -4.81006560677   3.02917096183
bond-dihedral 7  6   -5.66630346628   2.94060859631
bond-dihedral 7  7   -6.11557262388   3.11257136576
bond-dihedral 7  8   -5.7347946098   3.09512976096
bond-dihedral 7  9   -5.01418376186   3.11257136576
bond-dihedral 7  10   -6.63864451512   3.09512976096
bond-dihedral 7  11   -5.92673100689   2.90650032485
bond-dihedral 7  12   -6.26333045859   2.87773211761
bond-dihedral 7  13   -5.91528790016   3.06713649184
bond-dihedral 7  14   -7.07773664925   3.00348507501
bond-dihedral 7  15   -7.22128274516   2.98604347022
bond-dihedral 7  16   -5.69996764796   2.52230187365
bond-dihedral 7  17   -5.77586251233   2.71709595061
bond-dihedral 7  18   -5.77616245124   3.10948904533
bond-dihedral 7  19   -5.64906112625   3.04969488705
bond-dihedral 8  1   -2.98674842896   2.62467632654
bond-dihedral 8  2   -2.93943601302   2.52691663825
bond-dihedral 8  3   -3.14768147122   2.15344795399
bond-dihedral 8  4   -3.12016770151   2.44737349288
bond-dihedral 8  5   -3.22664075873   2.57004412986
bond-dihedral 8  6   -4.14575509695   2.54435824304
bond-dihedral 8  7   -4.32607673493   2.44737349288
bond-dihedral 8  8   -4.00817519956   2.49280836679
bond-dihedral 8  9   -3.35044083032   2.57312645029
bond-dihedral 8  10   -4.92946670967   2.51024997158
bond-dihedral 8  11   -4.13723511795   2.24130245198
bond-dihedral 8  12   -4.47383456965   2.21253424473
bond-dihedral 8  13   -4.18866848992   2.46481509767
bond-dihedral 8  14   -5.35111723901   2.40116368084
bond-dihedral 8  15   -5.36891037751   2.25796911864
bond-dihedral 8  16   -4.03622471642   1.98285695818
bond-dihedral 8  17   -4.25531414299   2.32084559735
bond-dihedral 8  18   -3.98666656229   2.44429117245
bond-dihedral 8  19   -4.06563627821   2.59056805508
bond-dihedral 9  1   -4.9625683578   2.87773211761
bond-dihedral 9  2   -4.80694458925   2.6716610767
bond-dihedral 9  3   -5.32957244097   2.61257478596
bond-dihedral 9  4   -5.27329046401   2.87773211761
bond-dihedral 9  5   -5.21990229236   2.84054152572
bond-dihedral 9  6   -6.13901663058   2.8148556389
bond-dihedral 9  7   -6.52540930947   2.92394192964
bond-dihedral 9  8   -6.14463129539   2.90650032485
bond-dihedral 9  9   -5.48689692615   2.98681840835
bond-dihedral 9  10   -7.04848120071   2.90650032485
bond-dihedral 9  11   -6.46232064989   2.84362384615
bond-dihedral 9  12   -6.67316714418   2.68910268149
bond-dihedral 9  13   -6.32512458575   2.87850705573
bond-dihedral 9  14   -7.48757333484   2.8148556389
bond-dihedral 9  15   -7.63111943075   2.79741403411
bond-dihedral 9  16   -6.10980433355   2.33367243754
bond-dihedral 9  17   -6.24857567662   2.59134299321
bond-dihedral 9  18   -6.31175209423   3.04661256662
bond-dihedral 9  19   -6.05889781184   2.86106545094
bond-dihedral 10  1   -4.7556322528   2.98604347022
bond-dihedral 10  2   -4.66288496295   2.84284890802
bond-dihedral 10  3   -4.99688337856   2.59513318117
bond-dihedral 10  4   -5.0837959638   3.00348507501
bond-dihedral 10  5   -5.07584266607   3.01172935704
bond-dihedral 10  6   -6.01239860908   3.00348507501
bond-dihedral 10  7   -6.31847320447   3.03225328226
bond-dihedral 10  8   -6.00057166909   3.07768815617
bond-dihedral 10  9   -5.27996082115   3.09512976096
bond-dihedral 10  10   -6.84154509572   3.01481167747
bond-dihedral 10  11   -6.25538454489   2.95193519876
bond-dihedral 10  12   -6.46623103918   2.79741403411
bond-dihedral 10  13   -6.11818848075   2.98681840835
bond-dihedral 10  14   -7.28063722984   2.92316699152
bond-dihedral 10  15   -7.36130684704   2.84284890802
bond-dihedral 10  16   -5.90286822855   2.44198379015
bond-dihedral 10  17   -5.97876309292   2.63677786712
bond-dihedral 10  18   -5.97906303183   3.02917096183
bond-dihedral 10  19   -5.85196170684   2.96937680356
bond-dihedral 11  1   -5.10072830338   2.90572538673
bond-dihedral 11  2   -4.94510453483   2.69965434582
bond-dihedral 11  3   -5.34197942914   2.51481509767
bond-dihedral 11  4   -5.22282097347   2.71709595061
bond-dihedral 11  5   -5.42093871665   2.93141127354
bond-dihedral 11  6   -6.21430009745   2.77997242932
bond-dihedral 11  7   -6.60069277634   2.88905872006
bond-dihedral 11  8   -6.21991476227   2.87161711527
bond-dihedral 11  9   -5.49930391432   2.88905872006
bond-dihedral 11  10   -7.12376466759   2.87161711527
bond-dihedral 11  11   -6.41185115936   2.68298767915
bond-dihedral 11  12   -6.74845061106   2.65421947191
bond-dihedral 11  13   -6.40040805263   2.84362384615
bond-dihedral 11  14   -7.56285680172   2.77997242932
bond-dihedral 11  15   -7.64352641892   2.69965434582
bond-dihedral 11  16   -6.24796427913   2.36166570666
bond-dihedral 11  17   -6.3238591435   2.55645978362
bond-dihedral 11  18   -6.32415908241   2.94885287834
bond-dihedral 11  19   -6.19705775742   2.88905872006
bond-dihedral 12  1   -4.90434696818   2.58979311695
bond-dihedral 12  2   -4.74872319962   2.38372207605
bond-dihedral 12  3   -5.14559809394   2.1988828279
bond-dihedral 12  4   -5.08931611698   2.46404015955
bond-dihedral 12  5   -5.16168090274   2.55260252507
bond-dihedral 12  6   -6.14367171966   2.58979311695
bond-dihedral 12  7   -6.53006439855   2.6988794077
bond-dihedral 12  8   -6.14928638447   2.6814378029
bond-dihedral 12  9   -5.50899362003   2.77919749119
bond-dihedral 12  10   -6.99025981109   2.6185613242
bond-dihedral 12  11   -6.40409926027   2.5556848455
bond-dihedral 12  12   -6.67782223327   2.46404015955
bond-dihedral 12  13   -6.26690319613   2.59056805508
bond-dihedral 12  14   -7.42935194522   2.52691663825
bond-dihedral 12  15   -7.51002156242   2.44659855475
bond-dihedral 12  16   -6.25765398483   2.25180447779
bond-dihedral 12  17   -6.1274778083   2.24052751385
bond-dihedral 12  18   -6.1277777472   2.63292060857
bond-dihedral 12  19   -6.06355290092   2.63600292899
bond-dihedral 13  1   -6.16431827954   2.89439878427
bond-dihedral 13  2   -6.00869451098   2.68832774337
bond-dihedral 13  3   -6.4055694053   2.50348849522
bond-dihedral 13  4   -6.41216390704   2.83152230557
bond-dihedral 13  5   -6.4845286928   2.92008467109
bond-dihedral 13  6   -7.27789007361   2.76864582686
bond-dihedral 13  7   -7.7271592312   2.94060859631
bond-dihedral 13  8   -7.34638121713   2.92316699152
bond-dihedral 13  9   -6.62577036919   2.94060859631
bond-dihedral 13  10   -8.25023112245   2.92316699152
bond-dihedral 13  11   -7.53831761422   2.73453755541
bond-dihedral 13  12   -7.87491706592   2.70576934816
bond-dihedral 13  13   -7.52687450749   2.8951737224
bond-dihedral 13  14   -8.81507621399   2.95727526298
bond-dihedral 13  15   -8.83286935248   2.81408070078
bond-dihedral 13  16   -7.31155425528   2.3503391042
bond-dihedral 13  17   -7.45032559836   2.60800965987
bond-dihedral 13  18   -7.45062553727   3.00040275459
bond-dihedral 13  19   -7.26064773358   2.87773211761
bond-dihedral 14  1   -4.51175496168   2.92316699152
bond-dihedral 14  2   -4.35613119313   2.71709595061
bond-dihedral 14  3   -4.83332417094   2.61257478596
bond-dihedral 14  4   -4.69672411048   2.79741403411
bond-dihedral 14  5   -4.83196537495   2.94885287834
bond-dihedral 14  6   -5.62532675576   2.79741403411
bond-dihedral 14  7   -6.07459591335   2.96937680356
bond-dihedral 14  8   -5.69381789927   2.95193519876
bond-dihedral 14  9   -4.97320705133   2.96937680356
bond-dihedral 14  10   -6.72342076201   3.07768815617
bond-dihedral 14  11   -5.88575429637   2.76330576265
bond-dihedral 14  12   -6.28523022677   2.79741403411
bond-dihedral 14  13   -5.87431118963   2.92394192964
bond-dihedral 14  14   -7.03675993872   2.86029051281
bond-dihedral 14  15   -7.18030603463   2.84284890802
bond-dihedral 14  16   -5.84762037354   2.56773674756
bond-dihedral 14  17   -5.79776228051   2.63677786712
bond-dihedral 14  18   -5.73518574071   2.96629448313
bond-dihedral 14  19   -5.60808441572   2.90650032485
bond-dihedral 15  1   -4.97542344062   2.8148556389
bond-dihedral 15  2   -4.81979967207   2.608784598
bond-dihedral 15  3   -5.27955104508   2.48682182855
bond-dihedral 15  4   -5.22326906812   2.7519791602
bond-dihedral 15  5   -5.29563385389   2.84054152572
bond-dihedral 15  6   -6.1518717134   2.7519791602
bond-dihedral 15  7   -6.53826439229   2.86106545094
bond-dihedral 15  8   -6.15748637821   2.84362384615
bond-dihedral 15  9   -5.49975200897   2.92394192964
bond-dihedral 15  10   -7.06133628353   2.84362384615
bond-dihedral 15  11   -6.41229925401   2.71787088874
bond-dihedral 15  12   -6.686022227   2.62622620279
bond-dihedral 15  13   -6.33797966857   2.81563057703
bond-dihedral 15  14   -7.50042841766   2.7519791602
bond-dihedral 15  15   -7.58109803486   2.6716610767
bond-dihedral 15  16   -6.24841237377   2.39654891624
bond-dihedral 15  17   -6.19855428074   2.4655900358
bond-dihedral 15  18   -6.19885421965   2.85798313051
bond-dihedral 15  19   -6.07175289466   2.79818897224
bond-dihedral 16  1   -5.16012907855   3.12923803242
bond-dihedral 16  2   -5.00450531   2.92316699152
bond-dihedral 16  3   -5.33850372561   2.67545126466
bond-dihedral 16  4   -5.47085118476   3.12923803242
bond-dihedral 16  5   -5.41746301312   3.09204744054
bond-dihedral 16  6   -6.27370087263   3.00348507501
bond-dihedral 16  7   -6.72297003022   3.17544784446
bond-dihedral 16  8   -6.34219201614   3.15800623967
bond-dihedral 16  9   -5.6215811682   3.17544784446
bond-dihedral 16  10   -7.24604192147   3.15800623967
bond-dihedral 16  11   -6.53412841324   2.96937680356
bond-dihedral 16  12   -6.87072786494   2.94060859631
bond-dihedral 16  13   -6.5226853065   3.13001297055
bond-dihedral 16  14   -7.7480105343   3.12923803242
bond-dihedral 16  15   -7.7658036728   2.98604347022
bond-dihedral 16  16   -6.3073650543   2.58517835235
bond-dihedral 16  17   -6.44613639738   2.84284890802
bond-dihedral 16  18   -6.44643633628   3.23524200274
bond-dihedral 16  19   -6.25645853259   3.11257136576
bond-dihedral 17  1   -4.75950276288   2.77997242932
bond-dihedral 17  2   -4.66675547303   2.63677786712
bond-dihedral 17  3   -5.00075388864   2.38906214026
bond-dihedral 17  4   -5.00734839039   2.71709595061
bond-dihedral 17  5   -5.14258965485   2.86853479484
bond-dihedral 17  6   -5.93595103566   2.71709595061
bond-dihedral 17  7   -6.32234371455   2.82618224136
bond-dihedral 17  8   -6.00444217918   2.87161711527
bond-dihedral 17  9   -5.22095485253   2.82618224136
bond-dihedral 17  10   -6.8454156058   2.80874063656
bond-dihedral 17  11   -6.13350209757   2.62011120045
bond-dihedral 17  12   -6.53297802797   2.65421947191
bond-dihedral 17  13   -6.18493546954   2.84362384615
bond-dihedral 17  14   -7.28450773993   2.71709595061
bond-dihedral 17  15   -7.36517735713   2.63677786712
bond-dihedral 17  16   -5.96961521733   2.29878922795
bond-dihedral 17  17   -5.982633603   2.43070682621
bond-dihedral 17  18   -5.98293354191   2.82309992093
bond-dihedral 17  19   -5.85583221692   2.76330576265
bond-dihedral 18  1   -4.9637343351   2.53901817883
bond-dihedral 18  2   -4.87098704525   2.39582361663
bond-dihedral 18  3   -5.14210898216   2.08523141107
bond-dihedral 18  4   -5.0858270052   2.35038874272
bond-dihedral 18  5   -5.22106826966   2.50182758694
bond-dihedral 18  6   -6.14018260788   2.47614170013
bond-dihedral 18  7   -6.46369880806   2.52235151216
bond-dihedral 18  8   -6.08292079399   2.50490990737
bond-dihedral 18  9   -5.36230994604   2.52235151216
bond-dihedral 18  10   -6.98677069931   2.50490990737
bond-dihedral 18  11   -6.27485719108   2.31628047126
bond-dihedral 18  12   -6.61145664278   2.28751226401
bond-dihedral 18  13   -6.32629056305   2.53979311695
bond-dihedral 18  14   -7.42586283344   2.41326522142
bond-dihedral 18  15   -7.56940892934   2.39582361663
bond-dihedral 18  16   -6.23672326825   2.12071145617
bond-dihedral 18  17   -6.24974165392   2.25262905443
bond-dihedral 18  18   -6.18716511413   2.58214567044
bond-dihedral 18  19   -6.06006378914   2.52235151216
bond-dihedral 19  1   -4.58167924983   3.06636155372
bond-dihedral 19  2   -4.42605548127   2.86029051281
bond-dihedral 19  3   -4.69717741818   2.54969830726
bond-dihedral 19  4   -4.64089544122   2.8148556389
bond-dihedral 19  5   -4.83901318439   3.02917096183
bond-dihedral 19  6   -5.5694980865   2.8148556389
bond-dihedral 19  7   -6.01876724409   2.98681840835
bond-dihedral 19  8   -5.70086570872   3.03225328226
bond-dihedral 19  9   -4.91737838207   2.98681840835
bond-dihedral 19  10   -6.60471561404   3.03225328226
bond-dihedral 19  11   -5.8299256271   2.78074736744
bond-dihedral 19  12   -6.1665250788   2.7519791602
bond-dihedral 19  13   -5.81848252037   2.94138353444
bond-dihedral 19  14   -6.98093126946   2.87773211761
bond-dihedral 19  15   -7.06160088666   2.79741403411
bond-dihedral 19  16   -5.60316226817   2.39654891624
bond-dihedral 19  17   -5.67905713254   2.59134299321
bond-dihedral 19  18   -5.67935707145   2.98373608792
bond-dihedral 19  19   -5.55225574646   2.92394192964
bond-dihedral 20  1   -4.85309056482   2.92008467109
bond-dihedral 20  2   -4.61714871277   2.63369554669
bond-dihedral 20  3   -5.03146521187   2.46629790333
bond-dihedral 20  4   -4.95774163012   2.71401363019
bond-dihedral 20  5   -5.03010641588   2.80257599571
bond-dihedral 20  6   -5.8863442754   2.71401363019
bond-dihedral 20  7   -6.33561343299   2.88597639963
bond-dihedral 20  8   -5.95483541891   2.86853479484
bond-dihedral 20  9   -5.23422457097   2.88597639963
bond-dihedral 20  10   -6.85868532424   2.86853479484
bond-dihedral 20  11   -6.146771816   2.67990535873
bond-dihedral 20  12   -6.420494789   2.58826067278
bond-dihedral 20  13   -6.13532870927   2.84054152572
bond-dihedral 20  14   -7.23490097966   2.71401363019
bond-dihedral 20  15   -7.31557059686   2.63369554669
bond-dihedral 20  16   -5.85713197836   2.23283042882
bond-dihedral 20  17   -5.93302684274   2.42762450579
bond-dihedral 20  18   -5.93332678164   2.8200176005
bond-dihedral 20  19   -5.80622545666   2.76022344222
bond-dihedral 21  1   -5.82634522611   2.63677786712
bond-dihedral 21  2   -5.67072145755   2.43070682621
bond-dihedral 21  3   -6.00471987316   2.18299109936
bond-dihedral 21  4   -6.07419085361   2.57390138841
bond-dihedral 21  5   -6.14655563937   2.66246375394
bond-dihedral 21  6   -7.00279349889   2.57390138841
bond-dihedral 21  7   -7.38918617777   2.68298767915
bond-dihedral 21  8   -7.0712846424   2.72842255307
bond-dihedral 21  9   -6.28779731576   2.68298767915
bond-dihedral 21  10   -7.91225806902   2.66554607436
bond-dihedral 21  11   -7.20034456079   2.47691663825
bond-dihedral 21  12   -7.53694401249   2.44814843101
bond-dihedral 21  13   -7.18890145406   2.63755280524
bond-dihedral 21  14   -8.41422668185   2.63677786712
bond-dihedral 21  15   -8.43201982035   2.49358330492
bond-dihedral 21  16   -6.97358120185   2.09271818705
bond-dihedral 21  17   -7.04947606623   2.28751226401
bond-dihedral 21  18   -7.11265248384   2.74278183743
bond-dihedral 21  19   -6.92267468015   2.62011120045
angle-angle 1  2   -7.0989406464   2.59134299321
angle-angle 1  3   -6.56693468816   2.90650032485
angle-angle 1  4   -8.80707270714   2.70042928395
angle-angle 1  5   -7.64850725529   2.49969830726
angle-angle 1  6   -6.86203030328   2.76330576265
angle-angle 1  7   -7.43020791829   2.4458410487
angle-angle 1  8   -6.8097480435   2.64289286946
angle-angle 1  9   -6.92824956694   2.86106545094
angle-angle 1  10   -6.71608950795   2.88905872006
angle-angle 1  11   -8.57252275014   2.70042928395
angle-angle 1  12   -6.95405893256   2.78074736744
angle-angle 1  13   -7.24975676841   2.69734696352
angle-angle 1  14   -8.53006251121   2.86106545094
angle-angle 1  15   -7.93682974119   2.84362384615
angle-angle 1  16   -8.01326729272   2.88905872006
angle-angle 1  17   -7.70642028254   2.59134299321
angle-angle 1  18   -7.89586912259   2.63755280524
angle-angle 1  19   -8.0608343534   2.79818897224
angle-angle 1  20   -7.20501782128   2.79818897224
angle-angle 2  3   -5.43785010205   2.84284890802
angle-angle 2  4   -7.74086459973   2.69965434582
angle-angle 2  5   -6.45654619048   2.37317041172
angle-angle 2  6   -5.79582219587   2.76253082453
angle-angle 2  7   -6.42687628959   2.50794258928
angle-angle 2  8   -6.04125566295   2.93983365818
angle-angle 2  9   -5.92491793823   2.92316699152
angle-angle 2  10   -5.64988140054   2.88828378193
angle-angle 2  11   -7.44343816403   2.63677786712
angle-angle 2  12   -5.82497434645   2.71709595061
angle-angle 2  13   -6.183548661   2.69657202539
angle-angle 2  14   -7.40097792509   2.79741403411
angle-angle 2  15   -6.93349811249   2.90572538673
angle-angle 2  16   -6.7584297492   2.69965434582
angle-angle 2  17   -6.64021217513   2.59056805508
angle-angle 2  18   -6.70390805778   2.51102490971
angle-angle 2  19   -6.99462624599   2.79741403411
angle-angle 2  20   -6.07593323516   2.73453755541
angle-angle 3  4   -7.14598216279   2.95193519876
angle-angle 3  5   -5.92454023224   2.68832774337
angle-angle 3  6   -5.20093975893   3.01481167747
angle-angle 3  7   -5.89487033135   2.82309992093
angle-angle 3  8   -5.21153397786   2.95727526298
angle-angle 3  9   -5.26715902259   3.11257136576
angle-angle 3  10   -5.11787544231   3.20344111358
angle-angle 3  11   -6.97430868449   3.01481167747
angle-angle 3  12   -5.35584486691   3.09512976096
angle-angle 3  13   -5.65154270276   3.01172935704
angle-angle 3  14   -6.86897196686   3.11257136576
angle-angle 3  15   -6.27573919684   3.09512976096
angle-angle 3  16   -6.22642379096   3.01481167747
angle-angle 3  17   -6.04532973819   2.84284890802
angle-angle 3  18   -6.31509666174   2.96937680356
angle-angle 3  19   -6.39974380905   3.04969488705
angle-angle 3  20   -5.54392727693   3.04969488705
angle-angle 4  5   -8.16467825122   2.48225670246
angle-angle 4  6   -7.56683073532   2.93449359397
angle-angle 4  7   -8.07213187163   2.55415240132
angle-angle 4  8   -7.51454847554   2.81408070078
angle-angle 4  9   -7.57017352027   2.96937680356
angle-angle 4  10   -7.35801346129   2.99737007267
angle-angle 4  11   -9.21444670347   2.80874063656
angle-angle 4  12   -7.59598288589   2.88905872006
angle-angle 4  13   -8.01743367915   2.93141127354
angle-angle 4  14   -9.17198646454   2.96937680356
angle-angle 4  15   -8.57875369453   2.95193519876
angle-angle 4  16   -8.52943828865   2.87161711527
angle-angle 4  17   -8.28546775717   2.63677786712
angle-angle 4  18   -8.47491659723   2.68298767915
angle-angle 4  19   -8.70275830674   2.90650032485
angle-angle 4  20   -7.84694177461   2.90650032485
angle-angle 5  6   -6.28251232606   2.60800965987
angle-angle 5  7   -6.99388450327   2.43373950813
angle-angle 5  8   -6.16735358758   2.42472028797
angle-angle 5  9   -6.28585511101   2.64289286946
angle-angle 5  10   -6.19944800944   2.79663909598
angle-angle 5  11   -7.99300477292   2.54513318117
angle-angle 5  12   -6.37454095534   2.62545126466
angle-angle 5  13   -6.75055687469   2.62236894424
angle-angle 5  14   -7.95054453399   2.70576934816
angle-angle 5  15   -7.29443528527   2.62545126466
angle-angle 5  16   -7.3708728368   2.67088613858
angle-angle 5  17   -7.27009686752   2.57924145263
angle-angle 5  18   -7.31635114538   2.48225670246
angle-angle 5  19   -7.48131637618   2.64289286946
angle-angle 5  20   -6.56262336535   2.58001639075
angle-angle 6  7   -6.18996594647   2.67990535873
angle-angle 6  8   -5.56950607168   2.87695717948
angle-angle 6  9   -5.62513111641   3.03225328226
angle-angle 6  10   -5.47584753613   3.12312303008
angle-angle 6  11   -7.26940429961   2.87161711527
angle-angle 6  12   -5.65094048203   2.95193519876
angle-angle 6  13   -6.08983288008   3.01172935704
angle-angle 6  14   -7.28982053939   3.09512976096
angle-angle 6  15   -6.63371129067   3.01481167747
angle-angle 6  16   -6.64727236349   2.99737007267
angle-angle 6  17   -6.40330183202   2.76253082453
angle-angle 6  18   -6.52987419337   2.74586415786
angle-angle 6  19   -6.75771590288   2.96937680356
angle-angle 6  20   -5.90189937075   2.96937680356
angle-angle 7  8   -6.2005601654   2.62236894424
angle-angle 7  9   -6.19330873142   2.71478856831
angle-angle 7  10   -6.16977810855   2.93141127354
angle-angle 7  11   -7.90045839333   2.61702888002
angle-angle 7  12   -6.28199457575   2.69734696352
angle-angle 7  13   -6.5148159329   2.55107008089
angle-angle 7  14   -7.79512167569   2.71478856831
angle-angle 7  15   -7.20188890568   2.69734696352
angle-angle 7  16   -7.2783264572   2.74278183743
angle-angle 7  17   -6.97147944703   2.44506611058
angle-angle 7  18   -7.28668124449   2.61702888002
angle-angle 7  19   -7.38876999659   2.71478856831
angle-angle 7  20   -6.47007698576   2.65191208961
angle-angle 8  9   -5.63572533534   2.97471686777
angle-angle 8  10   -5.42356527635   3.00271013689
angle-angle 8  11   -7.21712203984   2.75120422207
angle-angle 8  12   -5.59865822226   2.83152230557
angle-angle 8  13   -5.95723253681   2.81099838035
angle-angle 8  14   -7.1746618009   2.91184038906
angle-angle 8  15   -6.7071819883   3.02015174168
angle-angle 8  16   -6.53211362501   2.81408070078
angle-angle 8  17   -6.35101957224   2.64211793133
angle-angle 8  18   -6.47759193359   2.62545126466
angle-angle 8  19   -6.83118660051   2.97471686777
angle-angle 8  20   -5.84961711097   2.84896391036
angle-angle 9  10   -5.47919032108   3.15800623967
angle-angle 9  11   -7.33562356327   2.96937680356
angle-angle 9  12   -5.71715974569   3.04969488705
angle-angle 9  13   -6.01285758154   2.96629448313
angle-angle 9  14   -7.29316332434   3.13001297055
angle-angle 9  15   -6.76280703302   3.17544784446
angle-angle 9  16   -6.65061514844   3.03225328226
angle-angle 9  17   -6.40664461697   2.79741403411
angle-angle 9  18   -6.59609345702   2.84362384615
angle-angle 9  19   -6.94968812394   3.19288944925
angle-angle 9  20   -5.96811863441   3.06713649184
angle-angle 10  11   -7.12346350428   2.99737007267
angle-angle 10  12   -5.5049996867   3.07768815617
angle-angle 10  13   -5.86357400126   3.05716423095
angle-angle 10  14   -7.08100326535   3.15800623967
angle-angle 10  15   -6.48777049533   3.14056463488
angle-angle 10  16   -6.50133156816   3.12312303008
angle-angle 10  17   -6.19448455798   2.82540730323
angle-angle 10  18   -6.38393339803   2.87161711527
angle-angle 10  19   -6.67465158625   3.15800623967
angle-angle 10  20   -5.75595857542   3.09512976096
angle-angle 11  12   -7.42430940759   2.95193519876
angle-angle 11  13   -7.72000724344   2.86853479484
angle-angle 11  14   -8.93743650754   2.96937680356
angle-angle 11  15   -8.40708021623   3.01481167747
angle-angle 11  16   -8.35776481035   2.93449359397
angle-angle 11  17   -8.11379427887   2.69965434582
angle-angle 11  18   -8.24036664022   2.68298767915
angle-angle 11  19   -8.46820834973   2.90650032485
angle-angle 11  20   -7.61239181761   2.90650032485
angle-angle 12  13   -6.10154342586   2.94885287834
angle-angle 12  14   -7.31897268996   3.04969488705
angle-angle 12  15   -6.72573991994   3.03225328226
angle-angle 12  16   -6.67642451406   2.95193519876
angle-angle 12  17   -6.49533046129   2.77997242932
angle-angle 12  18   -6.68477930135   2.82618224136
angle-angle 12  19   -6.84974453215   2.98681840835
angle-angle 12  20   -6.05680447873   3.04969488705
angle-angle 13  14   -7.74042348322   3.09204744054
angle-angle 13  15   -7.02143775579   2.94885287834
angle-angle 13  16   -6.97212234991   2.86853479484
angle-angle 13  17   -6.79102829715   2.69657202539
angle-angle 13  18   -6.91760065849   2.67990535873
angle-angle 13  19   -7.14544236801   2.90341800442
angle-angle 13  20   -6.35250231458   2.96629448313
angle-angle 14  15   -8.30174349859   3.11257136576
angle-angle 14  16   -8.25242809271   3.03225328226
angle-angle 14  17   -8.07133403994   2.86029051281
angle-angle 14  18   -8.26078287999   2.90650032485
angle-angle 14  19   -8.4257481108   3.06713649184
angle-angle 14  20   -7.56993157868   3.06713649184
angle-angle 15  16   -7.7220718014   3.07768815617
angle-angle 15  17   -7.41522479122   2.77997242932
angle-angle 15  18   -7.60467363127   2.82618224136
angle-angle 15  19   -7.89539181949   3.11257136576
angle-angle 15  20   -6.97669880866   3.04969488705
angle-angle 16  17   -7.36590938534   2.69965434582
angle-angle 16  18   -7.55535822539   2.74586415786
angle-angle 16  19   -7.84607641361   3.03225328226
angle-angle 16  20   -6.92738340278   2.96937680356
angle-angle 17  18   -7.43714065133   2.63677786712
angle-angle 17  19   -7.53922940344   2.73453755541
angle-angle 17  20   -6.68341287131   2.73453755541
angle-angle 18  19   -7.79155472219   2.84362384615
angle-angle 18  20   -6.93573819006   2.84362384615
angle-angle 19  20   -7.10070342087   3.00426001314
angle-dihedral 1  1   -5.8882152477   2.79741403411
angle-dihedral 1  2   -5.85834443655   2.71709595061
angle-dihedral 1  3   -6.06658989475   2.34362726635
angle-dihedral 1  4   -6.0731843965   2.6716610767
angle-dihedral 1  5   -6.08267270356   2.69734696352
angle-dihedral 1  6   -7.00178704177   2.6716610767
angle-dihedral 1  7   -7.38817972066   2.78074736744
angle-dihedral 1  8   -7.00740170658   2.76330576265
angle-dihedral 1  9   -6.34966733735   2.84362384615
angle-dihedral 1  10   -7.91125161191   2.76330576265
angle-dihedral 1  11   -7.26221458238   2.63755280524
angle-dihedral 1  12   -7.53593755538   2.54590811929
angle-dihedral 1  13   -7.18789499694   2.73531249353
angle-dihedral 1  14   -8.35034374603   2.6716610767
angle-dihedral 1  15   -8.43101336324   2.59134299321
angle-dihedral 1  16   -7.03545122344   2.25335435404
angle-dihedral 1  17   -7.11134608782   2.44814843101
angle-dihedral 1  18   -7.04876954802   2.77766504702
angle-dihedral 1  19   -6.98454470174   2.78074736744
angle-dihedral 2  1   -4.82200714029   2.79663909598
angle-dihedral 2  2   -4.60350689303   2.52769157638
angle-dihedral 2  3   -5.08069987084   2.42317041172
angle-dihedral 2  4   -4.94409981039   2.60800965987
angle-dihedral 2  5   -5.15965915835   2.83976658759
angle-dihedral 2  6   -5.95302053916   2.68832774337
angle-dihedral 2  7   -6.25909513455   2.71709595061
angle-dihedral 2  8   -5.87831712047   2.69965434582
angle-dihedral 2  9   -5.15770627253   2.71709595061
angle-dihedral 2  10   -6.7821670258   2.69965434582
angle-dihedral 2  11   -6.07025351756   2.51102490971
angle-dihedral 2  12   -6.46972944797   2.54513318117
angle-dihedral 2  13   -6.05881041083   2.6716610767
angle-dihedral 2  14   -7.34701211733   2.73376261728
angle-dihedral 2  15   -7.30192877712   2.52769157638
angle-dihedral 2  16   -5.96924311604   2.25257941591
angle-dihedral 2  17   -6.04513798041   2.44737349288
angle-dihedral 2  18   -5.98256144061   2.77689010889
angle-dihedral 2  19   -5.85546011562   2.71709595061
angle-dihedral 3  1   -4.16424822464   2.98604347022
angle-dihedral 3  2   -4.0715009348   2.84284890802
angle-dihedral 3  3   -4.4054993504   2.59513318117
angle-dihedral 3  4   -4.49241193565   3.00348507501
angle-dihedral 3  5   -4.48445863791   3.01172935704
angle-dihedral 3  6   -5.34069649742   2.92316699152
angle-dihedral 3  7   -5.72708917631   3.03225328226
angle-dihedral 3  8   -5.34631116224   3.01481167747
angle-dihedral 3  9   -4.688576793   3.09512976096
angle-dihedral 3  10   -6.25016106756   3.01481167747
angle-dihedral 3  11   -5.60112403803   2.88905872006
angle-dihedral 3  12   -5.87484701103   2.79741403411
angle-dihedral 3  13   -5.5896809313   3.04969488705
angle-dihedral 3  14   -6.75212968039   2.98604347022
angle-dihedral 3  15   -6.76992281889   2.84284890802
angle-dihedral 3  16   -5.3743606791   2.50486026886
angle-dihedral 3  17   -5.38737906476   2.63677786712
angle-dihedral 3  18   -5.38767900367   3.02917096183
angle-dihedral 3  19   -5.26057767868   2.96937680356
angle-dihedral 4  1   -6.53013920103   2.90572538673
angle-dihedral 4  2   -6.50026838989   2.82540730323
angle-dihedral 4  3   -6.64563736939   2.38906214026
angle-dihedral 4  4   -6.71510834983   2.77997242932
angle-dihedral 4  5   -6.72459665689   2.80565831614
angle-dihedral 4  6   -7.70658747381   2.84284890802
angle-dihedral 4  7   -8.030103674   2.88905872006
angle-dihedral 4  8   -7.64932565992   2.87161711527
angle-dihedral 4  9   -6.92871481198   2.88905872006
angle-dihedral 4  10   -8.55317556525   2.87161711527
angle-dihedral 4  11   -7.90413853572   2.74586415786
angle-dihedral 4  12   -8.17786150871   2.65421947191
angle-dihedral 4  13   -7.95557190769   2.96937680356
angle-dihedral 4  14   -9.11802065678   2.90572538673
angle-dihedral 4  15   -9.07293731657   2.69965434582
angle-dihedral 4  16   -7.67737517678   2.36166570666
angle-dihedral 4  17   -7.81614651986   2.61933626233
angle-dihedral 4  18   -7.83388806356   3.02917096183
angle-dihedral 4  19   -7.62646865507   2.88905872006
angle-dihedral 5  1   -5.24582079177   2.57924145263
angle-dihedral 5  2   -5.17051510672   2.45348849522
angle-dihedral 5  3   -5.42419543883   2.12545468487
angle-dihedral 5  4   -5.49366641928   2.51636497392
angle-dihedral 5  5   -5.44027824763   2.47917438204
angle-dihedral 5  6   -6.35939258585   2.45348849522
angle-dihedral 5  7   -6.74578526474   2.56257478596
angle-dihedral 5  8   -6.36500725066   2.54513318117
angle-dihedral 5  9   -5.77014936013   2.68832774337
angle-dihedral 5  10   -7.33173363469   2.60800965987
angle-dihedral 5  11   -6.61982012646   2.41938022376
angle-dihedral 5  12   -7.01929605686   2.45348849522
angle-dihedral 5  13   -6.60837701973   2.58001639075
angle-dihedral 5  14   -7.77082576882   2.51636497392
angle-dihedral 5  15   -7.97724834343   2.56179984784
angle-dihedral 5  16   -6.39305676752   2.03518177256
angle-dihedral 5  17   -6.6750226728   2.43604689043
angle-dihedral 5  18   -6.5495696543   2.70268702773
angle-dihedral 5  19   -6.46790320322   2.68832774337
angle-dihedral 6  1   -4.52222031847   2.90572538673
angle-dihedral 6  2   -4.50979111212   2.84284890802
angle-dihedral 6  3   -4.70059496553   2.45193861897
angle-dihedral 6  4   -4.85038402947   2.92316699152
angle-dihedral 6  5   -4.77955425303   2.86853479484
angle-dihedral 6  6   -5.69866859125   2.84284890802
angle-dihedral 6  7   -6.08506127014   2.95193519876
angle-dihedral 6  8   -5.70428325606   2.93449359397
angle-dihedral 6  9   -5.04654888682   3.01481167747
angle-dihedral 6  10   -6.60813316139   2.93449359397
angle-dihedral 6  11   -5.89621965315   2.74586415786
angle-dihedral 6  12   -6.23281910485   2.71709595061
angle-dihedral 6  13   -5.94765302512   2.96937680356
angle-dihedral 6  14   -7.04722529551   2.84284890802
angle-dihedral 6  15   -7.12789491271   2.76253082453
angle-dihedral 6  16   -5.73233277292   2.42454218536
angle-dihedral 6  17   -5.871104116   2.68221274103
angle-dihedral 6  18   -5.8888456597   3.09204744054
angle-dihedral 6  19   -5.61854977251   2.88905872006
angle-dihedral 7  1   -5.15327441218   2.65113715148
angle-dihedral 7  2   -5.06052712234   2.50794258928
angle-dihedral 7  3   -5.45740201665   2.32310334113
angle-dihedral 7  4   -5.40112003969   2.58826067278
angle-dihedral 7  5   -5.47348482545   2.6768230383
angle-dihedral 7  6   -6.20396972756   2.46250771537
angle-dihedral 7  7   -6.65323888515   2.63447048482
angle-dihedral 7  8   -6.27246087107   2.61702888002
angle-dihedral 7  9   -5.55185002313   2.63447048482
angle-dihedral 7  10   -7.1763107764   2.61702888002
angle-dihedral 7  11   -6.59015022557   2.55415240132
angle-dihedral 7  12   -6.86387319857   2.46250771537
angle-dihedral 7  13   -6.51583064014   2.65191208961
angle-dihedral 7  14   -7.61540291052   2.52538419407
angle-dihedral 7  15   -7.82182548513   2.57081906799
angle-dihedral 7  16   -6.36338686664   2.16995395012
angle-dihedral 7  17   -6.3764052523   2.30187154838
angle-dihedral 7  18   -6.43958166992   2.7571411218
angle-dihedral 7  19   -6.24960386622   2.63447048482
angle-dihedral 8  1   -4.53281453739   2.84818897224
angle-dihedral 8  2   -4.37719076884   2.64211793133
angle-dihedral 8  3   -4.91726022536   2.60047324538
angle-dihedral 8  4   -4.65490720749   2.65955953612
angle-dihedral 8  5   -4.93334303416   2.95419294255
angle-dihedral 8  6   -5.70926281018   2.78531249353
angle-dihedral 8  7   -6.03277901036   2.83152230557
angle-dihedral 8  8   -5.65200099628   2.81408070078
angle-dihedral 8  9   -4.93139014834   2.83152230557
angle-dihedral 8  10   -6.55585090161   2.81408070078
angle-dihedral 8  11   -5.90681387208   2.68832774337
angle-dihedral 8  12   -6.18053684508   2.59668305742
angle-dihedral 8  13   -5.89537076535   2.84896391036
angle-dihedral 8  14   -7.05781951444   2.78531249353
angle-dihedral 8  15   -7.07561265293   2.64211793133
angle-dihedral 8  16   -5.80580347055   2.42988224957
angle-dihedral 8  17   -5.81882185622   2.56179984784
angle-dihedral 8  18   -5.69336883772   2.82843998514
angle-dihedral 8  19   -5.56626751273   2.76864582686
angle-dihedral 9  1   -4.58843958212   3.00348507501
angle-dihedral 9  2   -4.43281581357   2.79741403411
angle-dihedral 9  3   -4.82969070788   2.61257478596
angle-dihedral 9  4   -4.77340873093   2.87773211761
angle-dihedral 9  5   -4.9715264741   3.09204744054
angle-dihedral 9  6   -5.82776433361   3.00348507501
angle-dihedral 9  7   -6.15128053379   3.04969488705
angle-dihedral 9  8   -5.77050251972   3.03225328226
angle-dihedral 9  9   -5.04989167177   3.04969488705
angle-dihedral 9  10   -6.67435242504   3.03225328226
angle-dihedral 9  11   -5.96243891681   2.84362384615
angle-dihedral 9  12   -6.42479132592   2.94060859631
angle-dihedral 9  13   -5.95099581008   3.00426001314
angle-dihedral 9  14   -7.11344455917   2.94060859631
angle-dihedral 9  15   -7.19411417637   2.86029051281
angle-dihedral 9  16   -5.73567555787   2.45942539494
angle-dihedral 9  17   -5.81157042224   2.65421947191
angle-dihedral 9  18   -5.81187036115   3.04661256662
angle-dihedral 9  19   -5.68476903616   2.98681840835
angle-dihedral 10  1   -4.37627952314   3.03147834413
angle-dihedral 10  2   -4.34640871199   2.95116026064
angle-dihedral 10  3   -4.74328360631   2.76632101249
angle-dihedral 10  4   -4.56124867194   2.90572538673
angle-dihedral 10  5   -4.75936641511   3.12004070966
angle-dihedral 10  6   -5.48985131721   2.90572538673
angle-dihedral 10  7   -6.00199695351   3.14056463488
angle-dihedral 10  8   -5.55834246073   3.06024655138
angle-dihedral 10  9   -4.83773161279   3.07768815617
angle-dihedral 10  10   -6.46219236605   3.06024655138
angle-dihedral 10  11   -5.81315533653   2.93449359397
angle-dihedral 10  12   -6.08687830952   2.84284890802
angle-dihedral 10  13   -5.73883575109   3.03225328226
angle-dihedral 10  14   -6.90128450018   2.96860186543
angle-dihedral 10  15   -6.98195411738   2.88828378193
angle-dihedral 10  16   -5.58639197759   2.55029514277
angle-dihedral 10  17   -5.66228684196   2.74508921973
angle-dihedral 10  18   -5.59971030217   3.07460583574
angle-dihedral 10  19   -5.47260897718   3.01481167747
angle-dihedral 11  1   -6.23271276532   2.84284890802
angle-dihedral 11  2   -6.07708899677   2.63677786712
angle-dihedral 11  3   -6.47396389109   2.45193861897
angle-dihedral 11  4   -6.41768191413   2.71709595061
angle-dihedral 11  5   -6.55292317859   2.86853479484
angle-dihedral 11  6   -7.40916103811   2.77997242932
angle-dihedral 11  7   -7.8584301957   2.95193519876
angle-dihedral 11  8   -7.41477570292   2.87161711527
angle-dihedral 11  9   -6.69416485497   2.88905872006
angle-dihedral 11  10   -8.31862560824   2.87161711527
angle-dihedral 11  11   -7.60671210001   2.68298767915
angle-dihedral 11  12   -8.06906450912   2.77997242932
angle-dihedral 11  13   -7.59526899328   2.84362384615
angle-dihedral 11  14   -8.75771774237   2.77997242932
angle-dihedral 11  15   -8.90126383827   2.76253082453
angle-dihedral 11  16   -7.44282521978   2.36166570666
angle-dihedral 11  17   -7.45584360544   2.49358330492
angle-dihedral 11  18   -7.45614354435   2.88597639963
angle-dihedral 11  19   -7.39191869807   2.88905872006
angle-dihedral 12  1   -4.61424894774   2.92316699152
angle-dihedral 12  2   -4.5843781366   2.84284890802
angle-dihedral 12  3   -4.7926235948   2.46938022376
angle-dihedral 12  4   -4.92497105395   2.92316699152
angle-dihedral 12  5   -4.93445936101   2.94885287834
angle-dihedral 12  6   -5.79069722053   2.86029051281
angle-dihedral 12  7   -6.17708989941   2.96937680356
angle-dihedral 12  8   -5.85918836404   3.01481167747
angle-dihedral 12  9   -5.1385775161   3.03225328226
angle-dihedral 12  10   -6.70016179066   2.95193519876
angle-dihedral 12  11   -5.98824828243   2.76330576265
angle-dihedral 12  12   -6.38772421283   2.79741403411
angle-dihedral 12  13   -6.0396816544   2.98681840835
angle-dihedral 12  14   -7.13925392479   2.86029051281
angle-dihedral 12  15   -7.21992354199   2.77997242932
angle-dihedral 12  16   -5.8243614022   2.44198379015
angle-dihedral 12  17   -5.83737978786   2.57390138841
angle-dihedral 12  18   -5.83767972677   2.96629448313
angle-dihedral 12  19   -5.77345488049   2.96937680356
angle-dihedral 13  1   -4.9099467836   2.83976658759
angle-dihedral 13  2   -4.89751757724   2.77689010889
angle-dihedral 13  3   -5.08832143065   2.38597981984
angle-dihedral 13  4   -5.0949159324   2.71401363019
angle-dihedral 13  5   -5.16728071816   2.80257599571
angle-dihedral 13  6   -6.14927153508   2.83976658759
angle-dihedral 13  7   -6.47278773526   2.88597639963
angle-dihedral 13  8   -6.09200972119   2.86853479484
angle-dihedral 13  9   -5.49715183065   3.01172935704
angle-dihedral 13  10   -7.05873610522   2.93141127354
angle-dihedral 13  11   -6.28394611828   2.67990535873
angle-dihedral 13  12   -6.68342204869   2.71401363019
angle-dihedral 13  13   -6.33537949025   2.90341800442
angle-dihedral 13  14   -7.64102280154   2.9829611498
angle-dihedral 13  15   -7.64137433525   2.8223249828
angle-dihedral 13  16   -6.3548984862   2.59342263438
angle-dihedral 13  17   -6.40202514332   2.7594485041
angle-dihedral 13  18   -6.13337756262   2.88289407921
angle-dihedral 13  19   -6.06915271634   2.88597639963
angle-dihedral 14  1   -6.19025252639   3.00348507501
angle-dihedral 14  2   -6.09750523655   2.86029051281
angle-dihedral 14  3   -6.36862717345   2.54969830726
angle-dihedral 14  4   -6.37522167519   2.87773211761
angle-dihedral 14  5   -6.44758646096   2.96629448313
angle-dihedral 14  6   -7.30382432047   2.87773211761
angle-dihedral 14  7   -7.75309347806   3.04969488705
angle-dihedral 14  8   -7.37231546399   3.03225328226
angle-dihedral 14  9   -6.65170461604   3.04969488705
angle-dihedral 14  10   -8.27616536931   3.03225328226
angle-dihedral 14  11   -7.56425186108   2.84362384615
angle-dihedral 14  12   -7.90085131278   2.8148556389
angle-dihedral 14  13   -7.55280875435   3.00426001314
angle-dihedral 14  14   -8.77813398214   3.00348507501
angle-dihedral 14  15   -8.92168007805   2.98604347022
angle-dihedral 14  16   -7.33748850214   2.45942539494
angle-dihedral 14  17   -7.53913632392   2.77997242932
angle-dihedral 14  18   -7.47655978413   3.10948904533
angle-dihedral 14  19   -7.28658198043   2.98681840835
angle-dihedral 15  1   -5.59701975638   2.98604347022
angle-dihedral 15  2   -5.44139598782   2.77997242932
angle-dihedral 15  3   -5.77539440343   2.53225670246
angle-dihedral 15  4   -5.78198890518   2.86029051281
angle-dihedral 15  5   -5.91723016964   3.01172935704
angle-dihedral 15  6   -6.83634450786   2.98604347022
angle-dihedral 15  7   -7.22273718675   3.09512976096
angle-dihedral 15  8   -6.77908269397   3.01481167747
angle-dihedral 15  9   -6.05847184603   3.03225328226
angle-dihedral 15  10   -7.68293259929   3.01481167747
angle-dihedral 15  11   -6.97101909106   2.82618224136
angle-dihedral 15  12   -7.37049502147   2.86029051281
angle-dihedral 15  13   -6.95957598433   2.98681840835
angle-dihedral 15  14   -8.12202473342   2.92316699152
angle-dihedral 15  15   -8.20269435062   2.84284890802
angle-dihedral 15  16   -6.87000868953   2.56773674756
angle-dihedral 15  17   -6.8201505965   2.63677786712
angle-dihedral 15  18   -6.88332701411   3.09204744054
angle-dihedral 15  19   -6.69334921042   2.96937680356
angle-dihedral 16  1   -5.67345730791   3.03147834413
angle-dihedral 16  2   -5.53527514414   2.84284890802
angle-dihedral 16  3   -5.85183195496   2.57769157638
angle-dihedral 16  4   -5.795549978   2.84284890802
angle-dihedral 16  5   -5.86791476377   2.93141127354
angle-dihedral 16  6   -6.72415262328   2.84284890802
angle-dihedral 16  7   -7.17342178087   3.01481167747
angle-dihedral 16  8   -6.72976728809   2.93449359397
angle-dihedral 16  9   -6.00915644015   2.95193519876
angle-dihedral 16  10   -7.69649367212   2.99737007267
angle-dihedral 16  11   -6.92170368518   2.74586415786
angle-dihedral 16  12   -7.32117961559   2.77997242932
angle-dihedral 16  13   -6.91026057845   2.90650032485
angle-dihedral 16  14   -8.07270932754   2.84284890802
angle-dihedral 16  15   -8.15337894474   2.76253082453
angle-dihedral 16  16   -6.69494032624   2.36166570666
angle-dihedral 16  17   -6.89658814802   2.68221274103
angle-dihedral 16  18   -6.89688808693   3.07460583574
angle-dihedral 16  19   -6.70691028324   2.95193519876
angle-dihedral 17  1   -5.30373381903   2.67088613858
angle-dihedral 17  2   -5.14811005047   2.46481509767
angle-dihedral 17  3   -5.54498494479   2.27997584952
angle-dihedral 17  4   -5.61445592523   2.67088613858
angle-dihedral 17  5   -5.56106775359   2.63369554669
angle-dihedral 17  6   -6.48018209181   2.60800965987
angle-dihedral 17  7   -6.86657477069   2.71709595061
angle-dihedral 17  8   -6.48579675662   2.69965434582
angle-dihedral 17  9   -5.82806238738   2.77997242932
angle-dihedral 17  10   -7.45252314065   2.76253082453
angle-dihedral 17  11   -6.74060963241   2.57390138841
angle-dihedral 17  12   -7.14008556282   2.60800965987
angle-dihedral 17  13   -6.66629004698   2.6716610767
angle-dihedral 17  14   -7.89161527477   2.67088613858
angle-dihedral 17  15   -8.03516137068   2.65344453378
angle-dihedral 17  16   -6.57672275218   2.25257941591
angle-dihedral 17  17   -6.71549409526   2.51024997158
angle-dihedral 17  18   -6.65291755546   2.83976658759
angle-dihedral 17  19   -6.46293975177   2.71709595061
angle-dihedral 18  1   -5.49318265908   2.71709595061
angle-dihedral 18  2   -5.40043536923   2.57390138841
angle-dihedral 18  3   -5.67155730613   2.26330918286
angle-dihedral 18  4   -5.82134637008   2.73453755541
angle-dihedral 18  5   -5.75051659364   2.67990535873
angle-dihedral 18  6   -6.66963093186   2.65421947191
angle-dihedral 18  7   -7.05602361074   2.76330576265
angle-dihedral 18  8   -6.73812207537   2.80874063656
angle-dihedral 18  9   -6.01751122743   2.82618224136
angle-dihedral 18  10   -7.57909550199   2.74586415786
angle-dihedral 18  11   -6.93005847247   2.62011120045
angle-dihedral 18  12   -7.20378144546   2.5284665145
angle-dihedral 18  13   -6.91861536573   2.78074736744
angle-dihedral 18  14   -8.08106411482   2.71709595061
angle-dihedral 18  15   -8.22461021073   2.69965434582
angle-dihedral 18  16   -6.70329511353   2.23591274925
angle-dihedral 18  17   -6.7791899779   2.43070682621
angle-dihedral 18  18   -6.77948991681   2.82309992093
angle-dihedral 18  19   -6.58951211312   2.70042928395
angle-dihedral 19  1   -5.78390084729   3.00348507501
angle-dihedral 19  2   -5.56540060004   2.73453755541
angle-dihedral 19  3   -6.02515197305   2.61257478596
angle-dihedral 19  4   -5.90599351739   2.8148556389
angle-dihedral 19  5   -6.10411126056   3.02917096183
angle-dihedral 19  6   -6.83459616267   2.8148556389
angle-dihedral 19  7   -7.34674179896   3.04969488705
angle-dihedral 19  8   -6.90308730618   2.96937680356
angle-dihedral 19  9   -6.18247645824   2.98681840835
angle-dihedral 19  10   -7.86981369021   3.03225328226
angle-dihedral 19  11   -7.15790018198   2.84362384615
angle-dihedral 19  12   -7.43162315497   2.7519791602
angle-dihedral 19  13   -7.08358059654   2.94138353444
angle-dihedral 19  14   -8.30890582434   2.94060859631
angle-dihedral 19  15   -8.32669896283   2.79741403411
angle-dihedral 19  16   -6.86826034434   2.39654891624
angle-dihedral 19  17   -6.94415520871   2.59134299321
angle-dihedral 19  18   -6.94445514762   2.98373608792
angle-dihedral 19  19   -6.81735382263   2.92394192964
angle-dihedral 20  1   -4.86520783646   2.94060859631
angle-dihedral 20  2   -4.70958406791   2.73453755541
angle-dihedral 20  3   -5.04358248352   2.48682182855
angle-dihedral 20  4   -5.05017698526   2.8148556389
angle-dihedral 20  5   -5.12254177103   2.90341800442
angle-dihedral 20  6   -5.97877963054   2.8148556389
angle-dihedral 20  7   -6.42804878813   2.98681840835
angle-dihedral 20  8   -6.11014725276   3.03225328226
angle-dihedral 20  9   -5.38953640482   3.04969488705
angle-dihedral 20  10   -7.01399715808   3.03225328226
angle-dihedral 20  11   -6.23920717115   2.78074736744
angle-dihedral 20  12   -6.57580662285   2.7519791602
angle-dihedral 20  13   -6.22776406442   2.94138353444
angle-dihedral 20  14   -7.39021281351   2.87773211761
angle-dihedral 20  15   -7.47088243071   2.79741403411
angle-dihedral 20  16   -6.13819676962   2.52230187365
angle-dihedral 20  17   -6.08833867658   2.59134299321
angle-dihedral 20  18   -6.08863861549   2.98373608792
angle-dihedral 20  19   -5.9615372905   2.92394192964
dihedral-dihedral 1  2   -3.53597605653   2.87695717948
dihedral-dihedral 1  3   -3.80709799344   2.56636497392
dihedral-dihedral 1  4   -3.67049793298   2.75120422207
dihedral-dihedral 1  5   -3.88605728094   2.9829611498
dihedral-dihedral 1  6   -4.66197705696   2.81408070078
dihedral-dihedral 1  7   -5.11124621455   2.98604347022
dihedral-dihedral 1  8   -4.73046820048   2.96860186543
dihedral-dihedral 1  9   -3.94698087383   2.92316699152
dihedral-dihedral 1  10   -5.7146361893   3.04891994893
dihedral-dihedral 1  11   -4.85952811886   2.71709595061
dihedral-dihedral 1  12   -5.19612757057   2.68832774337
dihedral-dihedral 1  13   -4.91096149084   2.94060859631
dihedral-dihedral 1  14   -6.01053376122   2.81408070078
dihedral-dihedral 1  15   -6.09120337842   2.73376261728
dihedral-dihedral 1  16   -4.63276475993   2.33289749941
dihedral-dihedral 1  17   -4.8518541865   2.67088613858
dihedral-dihedral 1  18   -4.77183604191   2.9829611498
dihedral-dihedral 1  19   -4.78792927912   3.06636155372
dihedral-dihedral 2  3   -3.63403262009   2.34285232823
dihedral-dihedral 2  4   -3.64062712184   2.67088613858
dihedral-dihedral 2  5   -3.6501154289   2.69657202539
dihedral-dihedral 2  6   -4.63210624582   2.73376261728
dihedral-dihedral 2  7   -4.8927459673   2.71709595061
dihedral-dihedral 2  8   -4.63772091063   2.82540730323
dihedral-dihedral 2  9   -3.79135710528   2.71709595061
dihedral-dihedral 2  10   -5.47869433725   2.76253082453
dihedral-dihedral 2  11   -4.70390435031   2.51102490971
dihedral-dihedral 2  12   -5.04050380201   2.48225670246
dihedral-dihedral 2  13   -4.88109067969   2.86029051281
dihedral-dihedral 2  14   -5.91778647137   2.67088613858
dihedral-dihedral 2  15   -5.93557960987   2.52769157638
dihedral-dihedral 2  16   -4.54001747008   2.18970293721
dihedral-dihedral 2  17   -4.75910689665   2.52769157638
dihedral-dihedral 2  18   -4.61621227336   2.77689010889
dihedral-dihedral 2  19   -4.56942903187   2.79741403411
dihedral-dihedral 3  4   -3.84887258004   2.29741745432
dihedral-dihedral 3  5   -4.19018488541   2.65492733945
dihedral-dihedral 3  6   -4.77747522531   2.29741745432
dihedral-dihedral 3  7   -5.28962086161   2.53225670246
dihedral-dihedral 3  8   -4.90884284753   2.51481509767
dihedral-dihedral 3  9   -4.12535552089   2.46938022376
dihedral-dihedral 3  10   -5.81269275286   2.51481509767
dihedral-dihedral 3  11   -5.24397380682   2.46938022376
dihedral-dihedral 3  12   -5.37450221762   2.23454097561
dihedral-dihedral 3  13   -5.08933613789   2.48682182855
dihedral-dihedral 3  14   -6.25178488698   2.42317041172
dihedral-dihedral 3  15   -6.33245450418   2.34285232823
dihedral-dihedral 3  16   -5.01721044789   2.08518177256
dihedral-dihedral 3  17   -5.01278722876   2.19965776603
dihedral-dihedral 3  18   -4.88733421026   2.46629790333
dihedral-dihedral 3  19   -4.76023288528   2.40650374506
dihedral-dihedral 4  5   -3.99070834625   2.77689010889
dihedral-dihedral 4  6   -4.92726428926   2.76864582686
dihedral-dihedral 4  7   -5.23333888465   2.79741403411
dihedral-dihedral 4  8   -4.91543734928   2.84284890802
dihedral-dihedral 4  9   -4.25770298004   2.92316699152
dihedral-dihedral 4  10   -5.7564107759   2.77997242932
dihedral-dihedral 4  11   -5.10737374637   2.65421947191
dihedral-dihedral 4  12   -5.38109671937   2.56257478596
dihedral-dihedral 4  13   -5.09593063964   2.8148556389
dihedral-dihedral 4  14   -6.25837938873   2.75120422207
dihedral-dihedral 4  15   -6.33904900593   2.67088613858
dihedral-dihedral 4  16   -4.81773390873   2.207144542
dihedral-dihedral 4  17   -4.9565052518   2.46481509767
dihedral-dihedral 4  18   -5.03712327421   2.93752627588
dihedral-dihedral 4  19   -4.76682738702   2.73453755541
dihedral-dihedral 5  6   -4.91931099152   2.77689010889
dihedral-dihedral 5  7   -5.36858014912   2.94885287834
dihedral-dihedral 5  8   -4.98780213504   2.93141127354
dihedral-dihedral 5  9   -4.20431480839   2.88597639963
dihedral-dihedral 5  10   -5.89165204036   2.93141127354
dihedral-dihedral 5  11   -5.17973853213   2.74278183743
dihedral-dihedral 5  12   -5.45346150513   2.65113715148
dihedral-dihedral 5  13   -5.1054189467   2.84054152572
dihedral-dihedral 5  14   -6.26786769579   2.77689010889
dihedral-dihedral 5  15   -6.34853731299   2.69657202539
dihedral-dihedral 5  16   -4.9529751732   2.35858338623
dihedral-dihedral 5  17   -4.96599355886   2.49050098449
dihedral-dihedral 5  18   -4.96629349777   2.88289407921
dihedral-dihedral 5  19   -4.83919217278   2.82309992093
dihedral-dihedral 6  7   -6.22481800863   2.86029051281
dihedral-dihedral 6  8   -5.84403999455   2.84284890802
dihedral-dihedral 6  9   -5.12342914661   2.86029051281
dihedral-dihedral 6  10   -6.68501342117   2.77997242932
dihedral-dihedral 6  11   -6.03597639164   2.65421947191
dihedral-dihedral 6  12   -6.43545232205   2.68832774337
dihedral-dihedral 6  13   -6.02453328491   2.8148556389
dihedral-dihedral 6  14   -7.186982034   2.75120422207
dihedral-dihedral 6  15   -7.2047751725   2.60800965987
dihedral-dihedral 6  16   -5.87208951141   2.33289749941
dihedral-dihedral 6  17   -5.94798437578   2.52769157638
dihedral-dihedral 6  18   -5.82253135728   2.79433171368
dihedral-dihedral 6  19   -5.758306511   2.79741403411
dihedral-dihedral 7  8   -6.23043267344   2.95193519876
dihedral-dihedral 7  9   -5.5098218255   2.96937680356
dihedral-dihedral 7  10   -7.19715905747   3.01481167747
dihedral-dihedral 7  11   -6.42236907053   2.76330576265
dihedral-dihedral 7  12   -6.75896852223   2.73453755541
dihedral-dihedral 7  13   -6.4109259638   2.92394192964
dihedral-dihedral 7  14   -7.57337471289   2.86029051281
dihedral-dihedral 7  15   -7.65404433009   2.77997242932
dihedral-dihedral 7  16   -6.1956057116   2.37910731145
dihedral-dihedral 7  17   -6.27150057597   2.57390138841
dihedral-dihedral 7  18   -6.27180051488   2.96629448313
dihedral-dihedral 7  19   -6.14469918989   2.90650032485
dihedral-dihedral 8  9   -5.19192029013   3.01481167747
dihedral-dihedral 8  10   -6.81638104339   2.99737007267
dihedral-dihedral 8  11   -6.10446753516   2.80874063656
dihedral-dihedral 8  12   -6.37819050816   2.71709595061
dihedral-dihedral 8  13   -6.03014794972   2.90650032485
dihedral-dihedral 8  14   -7.19259669881   2.84284890802
dihedral-dihedral 8  15   -7.27326631602   2.76253082453
dihedral-dihedral 8  16   -5.87770417622   2.42454218536
dihedral-dihedral 8  17   -5.89072256189   2.55645978362
dihedral-dihedral 8  18   -5.8910225008   2.94885287834
dihedral-dihedral 8  19   -5.76392117581   2.88905872006
dihedral-dihedral 9  10   -6.03289371675   2.95193519876
dihedral-dihedral 9  11   -5.38385668722   2.82618224136
dihedral-dihedral 9  12   -5.65757966021   2.73453755541
dihedral-dihedral 9  13   -5.30953710178   2.92394192964
dihedral-dihedral 9  14   -6.53486232958   2.92316699152
dihedral-dihedral 9  15   -6.61553194678   2.84284890802
dihedral-dihedral 9  16   -5.21996980698   2.50486026886
dihedral-dihedral 9  17   -5.17011171395   2.57390138841
dihedral-dihedral 9  18   -5.17041165286   2.96629448313
dihedral-dihedral 9  19   -5.10618680657   2.96937680356
dihedral-dihedral 10  11   -6.94544096178   2.74586415786
dihedral-dihedral 10  12   -7.34491689219   2.77997242932
dihedral-dihedral 10  13   -6.93399785505   2.90650032485
dihedral-dihedral 10  14   -8.09644660414   2.84284890802
dihedral-dihedral 10  15   -8.23999270004   2.82540730323
dihedral-dihedral 10  16   -6.78155408155   2.42454218536
dihedral-dihedral 10  17   -6.85744894592   2.61933626233
dihedral-dihedral 10  18   -6.79487240612   2.94885287834
dihedral-dihedral 10  19   -6.66777108114   2.88905872006
dihedral-dihedral 11  12   -6.57012690525   2.5284665145
dihedral-dihedral 11  13   -6.22208434682   2.71787088874
dihedral-dihedral 11  14   -7.38453309591   2.65421947191
dihedral-dihedral 11  15   -7.46520271311   2.57390138841
dihedral-dihedral 11  16   -6.13251705202   2.29878922795
dihedral-dihedral 11  17   -6.08265895898   2.36783034751
dihedral-dihedral 11  18   -6.08295889789   2.76022344222
dihedral-dihedral 11  19   -5.9558575729   2.70042928395
dihedral-dihedral 12  13   -6.55868379852   2.68910268149
dihedral-dihedral 12  14   -7.78400902631   2.68832774337
dihedral-dihedral 12  15   -7.94499672701   2.68832774337
dihedral-dihedral 12  16   -6.40624002502   2.207144542
dihedral-dihedral 12  17   -6.48213488939   2.40193861897
dihedral-dihedral 12  18   -6.4824348283   2.79433171368
dihedral-dihedral 12  19   -6.35533350331   2.73453755541
dihedral-dihedral 13  14   -7.43596646788   2.87773211761
dihedral-dihedral 13  15   -7.45375960638   2.73453755541
dihedral-dihedral 13  16   -6.05819746658   2.39654891624
dihedral-dihedral 13  17   -6.19696880966   2.65421947191
dihedral-dihedral 13  18   -6.13439226986   2.98373608792
dihedral-dihedral 13  19   -5.94441446617   2.86106545094
dihedral-dihedral 14  15   -8.67908483417   2.73376261728
dihedral-dihedral 14  16   -7.28352269438   2.39577397811
dihedral-dihedral 14  17   -7.35941755875   2.59056805508
dihedral-dihedral 14  18   -7.23396454025   2.85720819239
dihedral-dihedral 14  19   -7.10686321526   2.79741403411
dihedral-dihedral 15  16   -7.30131583288   2.25257941591
dihedral-dihedral 15  17   -7.50296365466   2.57312645029
dihedral-dihedral 15  18   -7.37751063616   2.83976658759
dihedral-dihedral 15  19   -7.18753283246   2.71709595061
dihedral-dihedral 16  17   -6.10740151486   2.23513781112
dihedral-dihedral 16  18   -5.85619553896   2.37602499102
dihedral-dihedral 16  19   -5.72909421397   2.31623083274
dihedral-dihedral 17  18   -6.13816144423   2.77689010889
dihedral-dihedral 17  19   -5.94818364054   2.65421947191
dihedral-dihedral 18  19   -5.86816549595   2.96629448313
TOTAL 1D BONDS ENTROPY = -35.1908738589
TOTAL 1D ANGLES ENTROPY = -40.9374626747
TOTAL 1D DIHEDRALS ENTROPY = -29.1395352944
TOTAL 2D BONDS-BONDS ENTROPY = -1264.98768093
TOTAL 2D BONDS-BONDS MUTUAL INFORMATION = 561.170203747
TOTAL 2D BONDS-ANGLES ENTROPY = -2721.6216515
TOTAL 2D BONDS-ANGLES MUTUAL INFORMATION = 1158.11745815
TOTAL 2D BONDS-DIHEDRALS ENTROPY = -2350.89379124
TOTAL 2D BONDS-DIHEDRALS MUTUAL INFORMATION = 1070.33694673
TOTAL 2D ANGLES-ANGLES ENTROPY = -1318.79979414
TOTAL 2D ANGLES-ANGLES MUTUAL INFORMATION = 540.988003323
TOTAL 2D ANGLES-DIHEDRALS ENTROPY = -2414.36585745
TOTAL 2D ANGLES-DIHEDRALS MUTUAL INFORMATION = 1053.76336074
TOTAL 2D DIHEDRALS-DIHEDRALS ENTROPY = -985.606594636
TOTAL 2D DIHEDRALS-DIHEDRALS MUTUAL INFORMATION = 461.094959336
TOTAL CONFIGURATIONAL ENTROPY = -4950.73880386
