bond 1   0.503364624566
bond 2   -1.0725551267
bond 3   -0.883244172097
bond 4   -1.04472288316
bond 5   -1.61451139269
bond 6   -0.85677373501
bond 7   -1.26013867993
bond 8   0.0288468878042
bond 9   -2.13727735267
bond 10   -2.21567193923
bond 11   -1.86559053538
bond 12   -1.2451140183
bond 13   -1.67638758633
bond 14   -1.60400509499
bond 15   -2.10526024278
bond 16   -1.22748740062
bond 17   -1.19221286599
bond 18   -1.23074187731
bond 19   -1.27220969489
bond 20   -1.89703647651
bond 21   -1.43877905083
angle 1   -1.89259034645
angle 2   -0.8182093901
angle 3   -1.62098032191
angle 4   -2.16048008051
angle 5   -2.06901397296
angle 6   -1.34617326461
angle 7   -1.4456658647
angle 8   -1.16575481084
angle 9   -1.3229145364
angle 10   -1.4305260406
angle 11   -2.12233345508
angle 12   -1.06999326007
angle 13   -1.57469762323
angle 14   -1.77318853835
angle 15   -2.30406862577
angle 16   -2.08751999003
angle 17   -1.43023270504
angle 18   -0.930042660409
angle 19   -1.65483640562
angle 20   -1.00855932088
dihedral 1   0.0776801104813
dihedral 2   -1.1147850969
dihedral 3   -0.841003157772
dihedral 4   -0.0508938015727
dihedral 5   -0.830912864351
dihedral 6   -1.73919202114
dihedral 7   -0.911588064742
dihedral 8   -1.55387633684
dihedral 9   -0.813150570272
dihedral 10   -1.41206351623
dihedral 11   -1.35811509466
dihedral 12   -1.97802990992
dihedral 13   -0.365445398495
dihedral 14   -1.05561120996
dihedral 15   -2.22533096944
dihedral 16   -1.1832228633
dihedral 17   -0.884982507708
dihedral 18   -0.643199100463
dihedral 19   -0.919344174847
bond-bond 1  2   -3.41332449426   2.84413399212
bond-bond 1  3   -3.17309982524   2.79322027771
bond-bond 1  4   -3.33125268172   2.78989442313
bond-bond 1  5   -3.90733374817   2.79618698005
bond-bond 1  6   -3.30573445726   2.95232534682
bond-bond 1  7   -3.65647328753   2.89969923217
bond-bond 1  8   -1.77150170391   2.30371321628
bond-bond 1  9   -4.39345593086   2.75954320275
bond-bond 1  10   -4.71894359942   3.00663628476
bond-bond 1  11   -4.19334426792   2.83111835711
bond-bond 1  12   -3.53496967145   2.79322027771
bond-bond 1  13   -4.12874553211   2.95572257034
bond-bond 1  14   -4.0958745745   2.99523410408
bond-bond 1  15   -4.47295603024   2.87106041203
bond-bond 1  16   -3.67644812287   2.95232534682
bond-bond 1  17   -3.70474378544   3.01589554402
bond-bond 1  18   -3.50919534977   2.78181809703
bond-bond 1  19   -3.63822065906   2.86937558874
bond-bond 1  20   -4.26644466421   2.87277281226
bond-bond 1  21   -3.89742955352   2.96201512726
bond-bond 2  3   -4.67704147792   2.72124217913
bond-bond 2  4   -4.8351943344   2.71791632455
bond-bond 2  5   -5.34141264674   2.65434612735
bond-bond 2  6   -4.73981335583   2.81048449412
bond-bond 2  7   -5.05562080904   2.72292700241
bond-bond 2  8   -3.34530611071   2.30159787181
bond-bond 2  9   -5.86246620648   2.65263372712
bond-bond 2  10   -6.18795387504   2.89972680912
bond-bond 2  11   -5.6972859206   2.75914025853
bond-bond 2  12   -5.00397994707   2.68631080207
bond-bond 2  13   -5.63268718479   2.88374447176
bond-bond 2  14   -5.56488485013   2.88832462844
bond-bond 2  15   -5.94196630586   2.76415093639
bond-bond 2  16   -5.1454583985   2.84541587118
bond-bond 2  17   -5.13882268401   2.87405469132
bond-bond 2  18   -5.01313700245   2.70983999845
bond-bond 2  19   -5.10723093469   2.7624661131
bond-bond 2  20   -5.80531769395   2.83572609074
bond-bond 2  21   -5.36643982914   2.85510565162
bond-bond 3  4   -4.56003828833   2.63207123308
bond-bond 3  5   -5.13611935478   2.63836378999
bond-bond 3  6   -4.56945144093   2.82943353382
bond-bond 3  7   -4.81539614002   2.672013288
bond-bond 3  8   -3.18463397625   2.33023669195
bond-bond 3  9   -5.65717291452   2.63665138976
bond-bond 3  10   -5.94772920603   2.8488130947
bond-bond 3  11   -5.45706125158   2.70822654411
bond-bond 3  12   -4.76375527805   2.63539708765
bond-bond 3  13   -5.35753113871   2.79789938029
bond-bond 3  14   -5.32466018111   2.83741091403
bond-bond 3  15   -5.77160439096   2.78309997609
bond-bond 3  16   -4.87030235242   2.75957077971
bond-bond 3  17   -4.93352939205   2.85807235396
bond-bond 3  18   -4.70304957932   2.58906352992
bond-bond 3  19   -4.86700626567   2.71155239869
bond-bond 3  20   -5.49523027082   2.71494962221
bond-bond 3  21   -5.09128378307   2.76926056015
bond-bond 4  5   -5.2593408342   2.60010655836
bond-bond 4  6   -4.65774154329   2.75624492513
bond-bond 4  7   -5.07834312768   2.77348156459
bond-bond 4  8   -3.12350878994   2.10763279459
bond-bond 4  9   -5.8599469285   2.67794669268
bond-bond 4  10   -6.17574481662   2.91534999424
bond-bond 4  11   -5.65014548512   2.73983206659
bond-bond 4  12   -4.92190813454   2.63207123308
bond-bond 4  13   -5.55061537225   2.82950490277
bond-bond 4  14   -5.48281303759   2.83408505945
bond-bond 4  15   -5.85989449333   2.70991136739
bond-bond 4  16   -5.06338658596   2.79117630219
bond-bond 4  17   -5.09168224853   2.85474649938
bond-bond 4  18   -5.15034323271   2.87487847224
bond-bond 4  19   -5.02515912215   2.70822654411
bond-bond 4  20   -5.75817725847   2.81641789881
bond-bond 4  21   -5.28436801661   2.80086608263
bond-bond 5  6   -5.2687539868   2.79746885911
bond-bond 5  7   -5.54963006295   2.67497999034
bond-bond 5  8   -3.73452123345   2.14885672857
bond-bond 5  9   -6.32154408334   2.56975533798
bond-bond 5  10   -6.6470317519   2.81684841999
bond-bond 5  11   -6.08650104334   2.60639911528
bond-bond 5  12   -5.46305782393   2.60343241294
bond-bond 5  13   -6.05683368459   2.76593470557
bond-bond 5  14   -6.02396272699   2.80544623931
bond-bond 5  15   -6.36611280566   2.6463411702
bond-bond 5  16   -5.63946765241   2.79746885911
bond-bond 5  17   -5.63283193792   2.82610767925
bond-bond 5  18   -5.4023521252   2.5570988552
bond-bond 5  19   -5.56630881155   2.67958772397
bond-bond 5  20   -6.19453281669   2.68298494749
bond-bond 5  21   -5.79058632894   2.73729588543
bond-bond 6  7   -4.94803077205   2.83111835711
bond-bond 6  8   -3.17754310004   2.34961625283
bond-bond 6  9   -5.78980754655   2.79575645887
bond-bond 6  10   -6.08036383805   3.00791816381
bond-bond 6  11   -5.55476450655   2.83240023616
bond-bond 6  12   -4.93132128714   2.82943353382
bond-bond 6  13   -5.45523439368   2.92207307234
bond-bond 6  14   -5.45729481314   2.99651598314
bond-bond 6  15   -5.76451351475   2.80247953697
bond-bond 6  16   -5.00293698445   2.91867584882
bond-bond 6  17   -5.03123264702   2.98224604602
bond-bond 6  18   -4.80075283429   2.71323722197
bond-bond 6  19   -4.96470952064   2.83572609074
bond-bond 6  20   -5.62786490284   2.87405469132
bond-bond 6  21   -5.2239184151   2.92836562926
bond-bond 7  8   -3.44872939575   2.21743760363
bond-bond 7  9   -6.14054637682   2.74313034422
bond-bond 7  10   -6.3612399142   2.88542929505
bond-bond 7  11   -5.87057195976   2.74484274445
bond-bond 7  12   -5.21219736329   2.70694466505
bond-bond 7  13   -5.80597322395   2.86944695769
bond-bond 7  14   -5.8080336434   2.94388986848
bond-bond 7  15   -6.11525234502   2.74985342231
bond-bond 7  16   -5.2838130606   2.79618698005
bond-bond 7  17   -5.34704010023   2.8946885543
bond-bond 7  18   -5.15149166455   2.66061110732
bond-bond 7  19   -5.35037972796   2.81803135315
bond-bond 7  20   -5.90874097899   2.75156582255
bond-bond 7  21   -5.50479449125   2.80587676049
bond-bond 8  9   -4.29050617025   2.18207570539
bond-bond 8  10   -4.5461310847   2.35930603327
bond-bond 8  11   -4.05546313025   2.21871948268
bond-bond 8  12   -3.47664106834   2.26037393784
bond-bond 8  13   -3.99086439444   2.34332369592
bond-bond 8  14   -4.10740872551   2.53225051833
bond-bond 8  15   -4.37000626963   2.29359291466
bond-bond 8  16   -3.58318814271   2.38454762989
bond-bond 8  17   -3.66239751969   2.49903154151
bond-bond 8  18   -3.47610834328   2.27421335378
bond-bond 8  19   -3.43047676728   2.1871139602
bond-bond 8  20   -4.1634949036   2.2953053149
bond-bond 8  21   -3.7246170388   2.31468487578
bond-bond 9  10   -7.2030166887   2.85006739681
bond-bond 9  11   -6.64248598014   2.6396180921
bond-bond 9  12   -6.08890551485   2.70651414387
bond-bond 9  13   -6.61281862139   2.79915368239
bond-bond 9  14   -6.51008490967   2.76880246201
bond-bond 9  15   -6.95702911952   2.71449152408
bond-bond 9  16   -6.09065845804   2.72589370475
bond-bond 9  17   -6.15388549767   2.82439527901
bond-bond 9  18   -5.92340568494   2.55538645496
bond-bond 9  19   -6.12229374835   2.71280670079
bond-bond 9  20   -6.75051775349   2.71620392431
bond-bond 9  21   -6.31163988869   2.73558348519
bond-bond 10  11   -6.93304227165   2.85177979704
bond-bond 10  12   -6.37946180635   2.91867584882
bond-bond 10  13   -6.93830628995   3.04624676439
bond-bond 10  14   -6.87050395529   3.05082692107
bond-bond 10  15   -7.21265403397   2.89172185196
bond-bond 10  16   -6.45107750366   3.00791816381
bond-bond 10  17   -6.47937316623   3.07148836101
bond-bond 10  18   -6.28382473056   2.83741091403
bond-bond 10  19   -6.44778141691   2.95989978279
bond-bond 10  20   -7.07600542205   2.96329700632
bond-bond 10  21   -6.63712755725   2.9826765672
bond-bond 11  12   -5.74906834368   2.63836378999
bond-bond 11  13   -6.41270695845   2.87072883674
bond-bond 11  14   -6.30997324673   2.84037761637
bond-bond 11  15   -6.75691745658   2.78606667843
bond-bond 11  16   -5.85561541804   2.76253748205
bond-bond 11  17   -5.91884245767   2.8610390563
bond-bond 11  18   -5.79315677611   2.69682436343
bond-bond 11  19   -5.92218208541   2.78438185514
bond-bond 11  20   -6.51547471349   2.75284770161
bond-bond 11  21   -6.11152822575   2.80715863955
bond-bond 12  13   -5.78926373904   2.8677621344
bond-bond 12  14   -5.65159865026   2.80247953697
bond-bond 12  15   -6.02868010599   2.67830584491
bond-bond 12  16   -5.23217219863   2.75957077971
bond-bond 12  17   -5.2604678612   2.8231409769
bond-bond 12  18   -5.06491942553   2.58906352992
bond-bond 12  19   -5.26380748894   2.74648377575
bond-bond 12  20   -5.92696287114   2.78481237632
bond-bond 12  21   -5.45315362928   2.76926056015
bond-bond 13  14   -6.28030588798   2.99991320666
bond-bond 13  15   -6.65738734371   2.87573951461
bond-bond 13  16   -5.8958108134   2.99193582646
bond-bond 13  17   -5.92410647597   3.05550602365
bond-bond 13  18   -5.7285580403   2.82142857667
bond-bond 13  19   -5.82265197254   2.87405469132
bond-bond 13  20   -6.45087597768   2.87745191484
bond-bond 13  21   -6.08186086699   2.96669422984
bond-bond 14  15   -6.55465363199   2.84538829423
bond-bond 14  16   -5.82800847874   2.99651598314
bond-bond 14  17   -5.93585667587   3.13963871489
bond-bond 14  18   -5.59089295153   2.75614597923
bond-bond 14  19   -5.75484963788   2.878634848
bond-bond 14  20   -6.41800502008   2.91696344858
bond-bond 14  21   -5.97912715528   2.93634300946
bond-bond 15  16   -6.17015855742   2.83741091403
bond-bond 15  17   -6.19845421999   2.90098111122
bond-bond 15  18   -6.03783716138   2.70183504129
bond-bond 15  19   -6.13193109361   2.75446115595
bond-bond 15  20   -6.83001785287   2.82772113359
bond-bond 15  21   -6.49593411924   2.95189482564
bond-bond 16  17   -5.48149884718   3.06179858057
bond-bond 16  18   -5.24132925401   2.78309997609
bond-bond 16  19   -5.33542318625   2.83572609074
bond-bond 16  20   -5.96364719139   2.83912331426
bond-bond 16  21   -5.55970070365   2.8934342522
bond-bond 17  18   -5.23469353952   2.81173879623
bond-bond 17  19   -5.36371884882   2.89929628794
bond-bond 17  20   -5.99194285396   2.90269351146
bond-bond 17  21   -5.58799636622   2.9570044494
bond-bond 18  19   -5.2031017902   2.70015021801
bond-bond 18  20   -5.86625717241   2.73847881859
bond-bond 18  21   -5.4273793076   2.75785837947
bond-bond 19  20   -5.9952824817   2.8260363103
bond-bond 19  21   -5.5564046169   2.84541587118
bond-bond 20  21   -6.2195599991   2.88374447176
bond-angle 1  1   -4.37987966929   2.9906539474
bond-angle 1  2   -3.30210148941   2.98725672388
bond-angle 1  3   -3.99038850961   2.87277281226
bond-angle 1  4   -4.60314824585   2.9460327899
bond-angle 1  5   -4.46323323609   2.8975838877
bond-angle 1  6   -3.66806496142   2.82525632137
bond-angle 1  7   -3.89802381047   2.95572257034
bond-angle 1  8   -3.40129952604   2.73890933977
bond-angle 1  9   -3.74034110512   2.92079119328
bond-angle 1  10   -3.90344648042   2.97628506438
bond-angle 1  11   -4.59993299748   2.98096416696
bond-angle 1  12   -3.56400566101   2.9973770255
bond-angle 1  13   -3.6637937521   2.59246075344
bond-angle 1  14   -4.25078808075   2.98096416696
bond-angle 1  15   -4.69114397411   2.89043997291
bond-angle 1  16   -4.24465988217   2.66050451671
bond-angle 1  17   -3.73435829531   2.80749021483
bond-angle 1  18   -3.51286685516   3.08618881931
bond-angle 1  19   -4.08781479051   2.93634300946
bond-angle 1  20   -3.51812353799   3.01292884168
bond-angle 2  1   -5.84888994491   2.88374447176
bond-angle 2  2   -4.77111176504   2.88034724824
bond-angle 2  3   -5.45939878524   2.76586333663
bond-angle 2  4   -6.07215852147   2.83912331426
bond-angle 2  5   -5.93224351172   2.79067441206
bond-angle 2  6   -5.1720066141   2.75327822279
bond-angle 2  7   -5.33210270904   2.81388171765
bond-angle 2  8   -4.87030980166   2.63199986413
bond-angle 2  9   -5.20935138074   2.81388171765
bond-angle 2  10   -5.4073881331   2.9043069658
bond-angle 2  11   -6.0689432731   2.87405469132
bond-angle 2  12   -5.03301593663   2.89046754986
bond-angle 2  13   -5.13280402773   2.4855512778
bond-angle 2  14   -5.68486697931   2.83912331426
bond-angle 2  15   -6.19508562679   2.81846187433
bond-angle 2  16   -5.81846428897   2.65838917224
bond-angle 2  17   -5.20336857093   2.70058073919
bond-angle 2  18   -4.94694575372   2.94434796662
bond-angle 2  19   -5.55682506614   2.82943353382
bond-angle 2  20   -5.02206519067   2.9409507431
bond-angle 3  1   -5.64359665295   2.8677621344
bond-angle 3  2   -4.56581847308   2.86436491088
bond-angle 3  3   -5.28903687034   2.78481237632
bond-angle 3  4   -5.90179660657   2.85807235396
bond-angle 3  5   -5.79681297387   2.84455482882
bond-angle 3  6   -4.89685056803   2.66743313131
bond-angle 3  7   -5.12680941708   2.79789938029
bond-angle 3  8   -4.66501650971   2.61601752677
bond-angle 3  9   -4.96912671173   2.76296800323
bond-angle 3  10   -5.13223208702   2.81846187433
bond-angle 3  11   -5.82871860408   2.8231409769
bond-angle 3  12   -4.82772264467   2.8744852125
bond-angle 3  13   -4.96244211282   2.5045003175
bond-angle 3  14   -5.65423057264   2.99779786219
bond-angle 3  15   -5.88499820366   2.69768540579
bond-angle 3  16   -5.54330824289   2.57254408077
bond-angle 3  17   -4.99807527897   2.68459840183
bond-angle 3  18   -4.77658383882   2.96329700632
bond-angle 3  19   -5.31660039712   2.77851981941
bond-angle 3  20   -4.7469091446   2.85510565162
bond-angle 4  1   -5.80174950943   2.86443627982
bond-angle 4  2   -4.75890270662   2.89597043336
bond-angle 4  3   -5.41225834976   2.74655514469
bond-angle 4  4   -5.99008670894   2.78488374527
bond-angle 4  5   -5.81524032212   2.70150346601
bond-angle 4  6   -5.15979755568   2.76890140791
bond-angle 4  7   -5.25003089651   2.75964214865
bond-angle 4  8   -4.78823798913   2.57776029514
bond-angle 4  9   -5.16221094526   2.79457352571
bond-angle 4  10   -5.25545356645   2.78020464269
bond-angle 4  11   -5.98687146057   2.81981512233
bond-angle 4  12   -4.95094412409   2.83622798087
bond-angle 4  13   -5.05073221519   2.43131170881
bond-angle 4  14   -5.60279516678   2.78488374527
bond-angle 4  15   -6.0780824372   2.72929092827
bond-angle 4  16   -5.63159834526   2.49935547208
bond-angle 4  17   -5.08636538134   2.61140979314
bond-angle 4  18   -4.86487394119   2.89010839762
bond-angle 4  19   -5.4747532536   2.77519396483
bond-angle 4  20   -4.93999337814   2.8867111741
bond-angle 5  1   -6.34289919883   2.83579745969
bond-angle 5  2   -5.23018964189   2.79746885911
bond-angle 5  3   -5.98833941621   2.75284770161
bond-angle 5  4   -6.56616777539   2.79117630219
bond-angle 5  5   -6.39132138857   2.70779602293
bond-angle 5  6   -5.63108449096   2.67039983366
bond-angle 5  7   -5.89597471707   2.83579745969
bond-angle 5  8   -5.36431905558   2.58405285206
bond-angle 5  9   -5.70336063466   2.76593470557
bond-angle 5  10   -5.86646600995   2.82142857667
bond-angle 5  11   -6.59788390407   2.8610390563
bond-angle 5  12   -5.52702519054   2.84252053778
bond-angle 5  13   -5.6617446587   2.47253564278
bond-angle 5  14   -6.14394485617   2.75624492513
bond-angle 5  15   -6.61923212659   2.70065210814
bond-angle 5  16   -6.20767941171   2.50564802899
bond-angle 5  17   -5.62751507073   2.582770973
bond-angle 5  18   -5.40602363058   2.86146957748
bond-angle 5  19   -6.08576569711   2.81641789881
bond-angle 5  20   -5.44621169047   2.8231409769
bond-angle 6  1   -5.70636853086   2.9570044494
bond-angle 6  2   -4.62859035099   2.95360722588
bond-angle 6  3   -5.31687737119   2.83912331426
bond-angle 6  4   -5.99949986154   2.98224604602
bond-angle 6  5   -5.90420600928   2.97841830131
bond-angle 6  6   -5.02948520005   2.82653820043
bond-angle 6  7   -5.22451267205   2.92207307234
bond-angle 6  8   -4.72778838762   2.70525984177
bond-angle 6  9   -5.13669272081   2.9570044494
bond-angle 6  10   -5.22993534199   2.94263556638
bond-angle 6  11   -5.96135323611   2.98224604602
bond-angle 6  12   -4.92542589964   2.99865890455
bond-angle 6  13   -5.02521399073   2.5937426325
bond-angle 6  14   -5.54234556526   2.9123832919
bond-angle 6  15   -5.98270145863   2.82185909785
bond-angle 6  16   -5.64101149786   2.69671777282
bond-angle 6  17   -5.02591577982   2.73890933977
bond-angle 6  18   -4.83935571673   3.05253932131
bond-angle 6  19   -5.41430365209   2.90269351146
bond-angle 6  20   -4.84461239957   2.97927934367
bond-angle 7  1   -6.05710736113   2.90437833474
bond-angle 7  2   -4.97932918125   2.90098111122
bond-angle 7  3   -5.70254757851   2.82142857667
bond-angle 7  4   -6.31530731475   2.8946885543
bond-angle 7  5   -6.07059817382   2.74144552093
bond-angle 7  6   -5.3103612762   2.70404933166
bond-angle 7  7   -5.5053887482   2.79958420357
bond-angle 7  8   -5.04359584082   2.61770235006
bond-angle 7  9   -5.34770604284   2.76465282651
bond-angle 7  10   -5.51081141814   2.82014669761
bond-angle 7  11   -6.24222931226   2.85975717725
bond-angle 7  12   -5.24123335285   2.91110141284
bond-angle 7  13   -5.30609006688   2.47125376373
bond-angle 7  14   -5.85815301847   2.82482580019
bond-angle 7  15   -6.33344028889   2.76923298319
bond-angle 7  16   -5.95681895107   2.60916028111
bond-angle 7  17   -5.34172323303   2.65135184806
bond-angle 7  18   -5.12023179288   2.93005045254
bond-angle 7  19   -5.76504248235   2.85006739681
bond-angle 7  20   -5.16041985278   2.89172185196
bond-angle 8  1   -4.35648244324   2.49273898459
bond-angle 8  2   -3.23408310586   2.44472060357
bond-angle 8  3   -3.95730150312   2.36516806901
bond-angle 8  4   -4.5351298623   2.40349666959
bond-angle 8  5   -4.43983601004   2.39966892489
bond-angle 8  6   -3.57480498125   2.25747860444
bond-angle 8  7   -3.83000542693   2.41318645003
bond-angle 8  8   -3.26341838838   2.12651046535
bond-angle 8  9   -3.60245996745   2.30839231886
bond-angle 8  10   -3.81018650025   2.40850734745
bond-angle 8  11   -4.49698323687   2.40349666959
bond-angle 8  12   -3.4610559004   2.41990952813
bond-angle 8  13   -3.69131024047   2.14545950504
bond-angle 8  14   -4.11290694308   2.36856529253
bond-angle 8  15   -4.58819421351   2.31297247554
bond-angle 8  16   -4.40560932185   2.34693621963
bond-angle 8  17   -3.71096106926   2.30957525202
bond-angle 8  18   -3.37498571749   2.47378994489
bond-angle 8  19   -3.94993365285   2.32394413504
bond-angle 8  20   -3.4850365315   2.50532409842
bond-angle 9  1   -6.86395275857   2.83408505945
bond-angle 9  2   -5.7861745787   2.83068783593
bond-angle 9  3   -6.50939297596   2.75113530137
bond-angle 9  4   -7.08722133514   2.78946390195
bond-angle 9  5   -6.91237494832   2.70608362269
bond-angle 9  6   -6.1521380507   2.66868743342
bond-angle 9  7   -6.3471655227   2.76422230533
bond-angle 9  8   -5.95523536944   2.65220320594
bond-angle 9  9   -6.15455144029   2.69435955122
bond-angle 9  10   -6.28272543853   2.71492204526
bond-angle 9  11   -7.0490747097   2.78946390195
bond-angle 9  12   -6.04807875029   2.84080813755
bond-angle 9  13   -6.11293546433   2.40096048843
bond-angle 9  14   -6.66499841592   2.75453252489
bond-angle 9  15   -7.14028568634   2.6989397079
bond-angle 9  16   -6.72873297145   2.50393562876
bond-angle 9  17   -6.18350000753   2.61598994982
bond-angle 9  18   -5.96200856738   2.8946885543
bond-angle 9  19   -6.5718878798   2.77977412151
bond-angle 9  20   -5.96726525022   2.82142857667
bond-angle 10  1   -7.15450905007   3.04624676439
bond-angle 10  2   -6.0767308702   3.04284954087
bond-angle 10  3   -6.83488064451   2.99822838337
bond-angle 10  4   -7.37777762664   3.0016256069
bond-angle 10  5   -7.23786261688   2.9531767047
bond-angle 10  6   -6.51255709632   2.95071189248
bond-angle 10  7   -6.6377218142   2.97638401028
bond-angle 10  8   -6.21086028389   2.82943353382
bond-angle 10  9   -6.48003910885   2.94145263322
bond-angle 10  10   -6.60821310709   2.96201512726
bond-angle 10  11   -7.37456237826   3.03655698395
bond-angle 10  12   -6.33863504179   3.05296984249
bond-angle 10  13   -6.43842313289   2.64805357043
bond-angle 10  14   -7.02541746153   3.03655698395
bond-angle 10  15   -7.43084197784   2.91110141284
bond-angle 10  16   -7.08915201707   2.78596008782
bond-angle 10  17   -6.47405629903   2.82815165477
bond-angle 10  18   -6.25256485889   3.10685025925
bond-angle 10  19   -6.89737554836   3.02686720351
bond-angle 10  20   -6.32768429584   3.10345303573
bond-angle 11  1   -6.62890971857   2.87072883674
bond-angle 11  2   -5.62099429281   2.93719436734
bond-angle 11  3   -6.20448718184   2.71791632455
bond-angle 11  4   -6.85217829514   2.82610767925
bond-angle 11  5   -6.71226328538   2.77765877704
bond-angle 11  6   -5.9170950107   2.70533121071
bond-angle 11  7   -6.14705385976   2.83579745969
bond-angle 11  8   -5.68526095238   2.65391560617
bond-angle 11  9   -5.95443977735   2.76593470557
bond-angle 11  10   -6.04768239853   2.75156582255
bond-angle 11  11   -6.84896304676   2.8610390563
bond-angle 11  12   -5.77810433323   2.84252053778
bond-angle 11  13   -5.87789242433   2.43760426573
bond-angle 11  14   -6.42995537592   2.79117630219
bond-angle 11  15   -6.87031126928   2.70065210814
bond-angle 11  16   -6.49368993145   2.54057940605
bond-angle 11  17   -5.94845696753   2.65263372712
bond-angle 11  18   -5.69203415033   2.89640095454
bond-angle 11  19   -6.3368448398   2.81641789881
bond-angle 11  20   -5.80208496434   2.92793510808
bond-angle 12  1   -6.00546649916   2.8677621344
bond-angle 12  2   -4.92768831929   2.86436491088
bond-angle 12  3   -5.58104396243   2.71494962221
bond-angle 12  4   -6.19380369867   2.78820959985
bond-angle 12  5   -6.05388868891   2.73976069765
bond-angle 12  6   -5.29365179129   2.70236450837
bond-angle 12  7   -5.45374788623   2.76296800323
bond-angle 12  8   -4.99195497886   2.58108614972
bond-angle 12  9   -5.29606518088   2.72803662617
bond-angle 12  10   -5.49410193323   2.81846187433
bond-angle 12  11   -6.22551982735   2.85807235396
bond-angle 12  12   -5.18959249088   2.8744852125
bond-angle 12  13   -5.32431195903   2.5045003175
bond-angle 12  14   -5.84144353356   2.8231409769
bond-angle 12  15   -6.24686804987   2.69768540579
bond-angle 12  16   -5.83531533498   2.50268132665
bond-angle 12  17   -5.42980787929   2.75446115595
bond-angle 12  18   -5.06859093091   2.8934342522
bond-angle 12  19   -5.81819575156   2.91824532764
bond-angle 12  20   -5.14371036787   2.89003702868
bond-angle 13  1   -6.56431098276   2.99533304998
bond-angle 13  2   -5.48653280288   2.99193582646
bond-angle 13  3   -6.17481982309   2.87745191484
bond-angle 13  4   -6.85744231344   3.0205746466
bond-angle 13  5   -6.61273317251   2.86733161322
bond-angle 13  6   -5.85249627489   2.82993542395
bond-angle 13  7   -6.04752374689   2.92547029586
bond-angle 13  8   -5.58573083951   2.74358844235
bond-angle 13  9   -5.88984104153   2.8905389188
bond-angle 13  10   -6.01801503977   2.91110141284
bond-angle 13  11   -6.78436431095   2.98564326954
bond-angle 13  12   -5.78336835154   3.03698750513
bond-angle 13  13   -5.84822506557   2.59713985602
bond-angle 13  14   -6.40028801716   2.95071189248
bond-angle 13  15   -6.87557528758   2.89511907549
bond-angle 13  16   -6.53388532682   2.76997775046
bond-angle 13  17   -5.91878960878   2.81216931741
bond-angle 13  18   -5.66236679157   3.05593654483
bond-angle 13  19   -6.30717748104   2.9759534891
bond-angle 13  20   -5.70255485147   3.01760794425
bond-angle 14  1   -6.4965086481   2.99991320666
bond-angle 14  2   -5.48859322234   3.06637873725
bond-angle 14  3   -6.17688024254   2.95189482564
bond-angle 14  4   -6.78963997878   3.02515480328
bond-angle 14  5   -6.57986221491   2.90684314696
bond-angle 14  6   -5.85455669435   2.90437833474
bond-angle 14  7   -6.01465278929   2.9649818296
bond-angle 14  8   -5.51792850486   2.74816859903
bond-angle 14  9   -5.85697008393   2.93005045254
bond-angle 14  10   -6.02007545923   2.98554432364
bond-angle 14  11   -6.71656197629   2.99022342622
bond-angle 14  12   -5.71556601688   3.04156766182
bond-angle 14  13   -6.03463215076   2.85592943254
bond-angle 14  14   -6.40234843662   3.02515480328
bond-angle 14  15   -6.87763570704   2.96956198628
bond-angle 14  16   -6.53594574627   2.84442066126
bond-angle 14  17   -5.93053980868   2.89630200864
bond-angle 14  18   -5.66442721103   3.13037945563
bond-angle 14  19   -6.27430652344   3.01546502284
bond-angle 14  20   -5.70461527092   3.09205085505
bond-angle 15  1   -6.87359010383   2.87573951461
bond-angle 15  2   -5.79581192396   2.87234229108
bond-angle 15  3   -6.51903032122   2.79278975653
bond-angle 15  4   -7.13179005746   2.86604973417
bond-angle 15  5   -7.02680642475   2.85253220902
bond-angle 15  6   -6.16177539597   2.71034188858
bond-angle 15  7   -6.35680286796   2.80587676049
bond-angle 15  8   -5.92994133765   2.65892628403
bond-angle 15  9   -6.30391429378   2.87573951461
bond-angle 15  10   -6.32729416085   2.79150787747
bond-angle 15  11   -7.12857480908   2.90098111122
bond-angle 15  12   -6.05771609555   2.8824625927
bond-angle 15  13   -6.26229831782   2.58234045182
bond-angle 15  14   -6.7444985153   2.86604973417
bond-angle 15  15   -7.18485440866   2.77552554011
bond-angle 15  16   -6.77330169377   2.58052146097
bond-angle 15  17   -6.1931373528   2.65764440498
bond-angle 15  18   -5.97164591265   2.93634300946
bond-angle 15  19   -6.58152522506   2.82142857667
bond-angle 15  20   -6.08169672666   2.967877163
bond-angle 16  1   -6.07708219647   2.9570044494
bond-angle 16  2   -5.06916677071   3.02346997999
bond-angle 16  3   -5.79238516797   2.94391744544
bond-angle 16  4   -6.33528215009   2.94731466896
bond-angle 16  5   -6.12550438622   2.82900301264
bond-angle 16  6   -5.43513024272   2.86146957748
bond-angle 16  7   -5.63015771472   2.9570044494
bond-angle 16  8   -5.2032961844   2.81005397294
bond-angle 16  9   -5.4375436323   2.88714169528
bond-angle 16  10   -5.53078625348   2.87277281226
bond-angle 16  11   -6.33206690172   2.98224604602
bond-angle 16  12   -5.26120818819   2.9637275275
bond-angle 16  13   -5.44054881384   2.63836378999
bond-angle 16  14   -5.91305923087   2.9123832919
bond-angle 16  15   -6.35341512424   2.82185909785
bond-angle 16  16   -6.01172516347   2.69671777282
bond-angle 16  17   -5.46649219955   2.80877209389
bond-angle 16  18   -5.17513800528   3.01760794425
bond-angle 16  19   -5.81994869475   2.93762488852
bond-angle 16  20   -5.32012019635   3.08407347485
bond-angle 17  1   -6.10537785904   3.0205746466
bond-angle 17  2   -5.06253105622   3.05210880013
bond-angle 17  3   -5.78574945348   2.97255626558
bond-angle 17  4   -6.36357781266   3.01088486616
bond-angle 17  5   -6.15380004879   2.89257320984
bond-angle 17  6   -5.42849452823   2.89010839762
bond-angle 17  7   -5.58859062317   2.95071189248
bond-angle 17  8   -5.16172909285   2.80376141602
bond-angle 17  9   -5.43090791781   2.91578051542
bond-angle 17  10   -5.59401329311   2.97127438652
bond-angle 17  11   -6.32543118723   3.01088486616
bond-angle 17  12   -5.28950385076   3.02729772469
bond-angle 17  13   -5.51975819083   2.75284770161
bond-angle 17  14   -5.9762862705   3.01088486616
bond-angle 17  15   -6.45157354092   2.95529204916
bond-angle 17  16   -6.0749522031   2.79521934708
bond-angle 17  17   -5.60927177373   2.9868262027
bond-angle 17  18   -5.27329642197   3.15104089557
bond-angle 17  19   -5.88317573438   3.03612646277
bond-angle 17  20   -5.38334723598   3.1825750491
bond-angle 18  1   -5.90982942337   2.78649719961
bond-angle 18  2   -4.90191399761   2.8529627302
bond-angle 18  3   -5.55526964075   2.70354744153
bond-angle 18  4   -6.13309799993   2.74187604211
bond-angle 18  5   -6.02811436723   2.72835851697
bond-angle 18  6   -5.26787746962   2.6909623277
bond-angle 18  7   -5.3930421875   2.71663444549
bond-angle 18  8   -4.96618065718   2.56968396904
bond-angle 18  9   -5.23535948214   2.68170306844
bond-angle 18  10   -5.36353348038   2.70226556248
bond-angle 18  11   -6.12988275156   2.77680741917
bond-angle 18  12   -5.09395541509   2.79322027771
bond-angle 18  13   -5.19374350618   2.38830400565
bond-angle 18  14   -5.74580645777   2.74187604211
bond-angle 18  15   -6.22109372819   2.68628322512
bond-angle 18  16   -5.91433514448   2.59607327715
bond-angle 18  17   -5.26430804939   2.60333346704
bond-angle 18  18   -5.00788523218   2.84710069447
bond-angle 18  19   -5.6177645446   2.73218626167
bond-angle 18  20   -5.11793604619   2.878634848
bond-angle 19  1   -6.10871748678   2.94391744544
bond-angle 19  2   -5.0309393069   2.94052022191
bond-angle 19  3   -5.7192263271   2.8260363103
bond-angle 19  4   -6.3669174404   2.934227665
bond-angle 19  5   -6.12220829947   2.78098463162
bond-angle 19  6   -5.36197140185   2.74358844235
bond-angle 19  7   -5.55699887385   2.83912331426
bond-angle 19  8   -5.13013734353   2.69217283781
bond-angle 19  9   -5.39931616849   2.80419193721
bond-angle 19  10   -5.56242154379   2.8596858083
bond-angle 19  11   -6.32877081497   2.934227665
bond-angle 19  12   -5.25791210144   2.91570914648
bond-angle 19  13   -5.35770019253   2.51079287442
bond-angle 19  14   -5.90976314412   2.86436491088
bond-angle 19  15   -6.38505041454   2.80877209389
bond-angle 19  16   -5.9385663226   2.57883663769
bond-angle 19  17   -5.39333335868   2.69089095875
bond-angle 19  18   -5.17184191853   2.96958956323
bond-angle 19  19   -5.816652608   2.8896065075
bond-angle 19  20   -5.24696135548   2.96619233971
bond-angle 20  1   -6.73694149192   2.94731466896
bond-angle 20  2   -5.62423193499   2.90898606838
bond-angle 20  3   -6.31251895519   2.79450215677
bond-angle 20  4   -7.0300728226   2.97255626558
bond-angle 20  5   -6.78536368167   2.8193132322
bond-angle 20  6   -5.990195407   2.74698566587
bond-angle 20  7   -6.18522287899   2.84252053778
bond-angle 20  8   -5.72342997162   2.66063868427
bond-angle 20  9   -6.02754017364   2.80758916073
bond-angle 20  10   -6.19064554893   2.86308303182
bond-angle 20  11   -7.02685757423   3.00748764263
bond-angle 20  12   -5.88613610658   2.91910637
bond-angle 20  13   -5.98592419768   2.51419009794
bond-angle 20  14   -6.53798714927   2.8677621344
bond-angle 20  15   -7.01327441969   2.81216931741
bond-angle 20  16   -6.56679032775   2.58223386121
bond-angle 20  17   -6.02155736383   2.69428818227
bond-angle 20  18   -5.80006592368   2.97298678676
bond-angle 20  19   -6.51473936726   2.96286648514
bond-angle 20  20   -5.87518536063   2.96958956323
bond-angle 21  1   -6.33299500417   3.0016256069
bond-angle 21  2   -5.22028544724   2.96329700632
bond-angle 21  3   -5.90857246744   2.8488130947
bond-angle 21  4   -6.55626358074   2.9570044494
bond-angle 21  5   -6.34648581687   2.83869279308
bond-angle 21  6   -5.58624891925   2.80129660381
bond-angle 21  7   -5.78127639125   2.89683147572
bond-angle 21  8   -5.31948348387   2.71494962221
bond-angle 21  9   -5.62359368589   2.86190009866
bond-angle 21  10   -5.75176768413   2.8824625927
bond-angle 21  11   -6.62291108648   3.06179858057
bond-angle 21  12   -5.48218961884   2.97341730794
bond-angle 21  13   -5.61690908699   2.60343241294
bond-angle 21  14   -6.13404066152   2.92207307234
bond-angle 21  15   -6.60932793194   2.86648025535
bond-angle 21  16   -6.16284384   2.63654479915
bond-angle 21  17   -5.65254225314   2.78353049727
bond-angle 21  18   -5.39611943593   3.02729772469
bond-angle 21  19   -6.0409301254   2.94731466896
bond-angle 21  20   -5.43630749582   2.98896912411
bond-dihedral 1  1   -2.42219432619   3.00323906124
bond-dihedral 1  2   -3.4774702065   2.86604973417
bond-dihedral 1  3   -3.12914641068   2.79150787747
bond-dihedral 1  4   -2.65895959294   3.11143041593
bond-dihedral 1  5   -3.05888314358   2.7313349038
bond-dihedral 1  6   -3.53355205427   2.29772465769
bond-dihedral 1  7   -3.29526618956   2.88704274939
bond-dihedral 1  8   -3.85342177042   2.80291005815
bond-dihedral 1  9   -3.36104338796   3.05125744226
bond-dihedral 1  10   -3.69605713364   2.78735824197
bond-dihedral 1  11   -3.88662835147   3.03187788138
bond-dihedral 1  12   -4.42399635288   2.94933106753
bond-dihedral 1  13   -2.80768304265   2.94560226872
bond-dihedral 1  14   -3.60979658457   3.05754999917
bond-dihedral 1  15   -4.50217098757   2.78020464269
bond-dihedral 1  16   -3.55889603097   2.87903779223
bond-dihedral 1  17   -3.40380598408   3.02218810094
bond-dihedral 1  18   -2.87584848227   2.73601400637
bond-dihedral 1  19   -3.22686698863   2.81088743835
bond-dihedral 2  1   -3.85627322476   2.86139820854
bond-dihedral 2  2   -4.94648048213   2.75914025853
bond-dihedral 2  3   -4.5981566863   2.68459840183
bond-dihedral 2  4   -4.16290124562   3.03945231735
bond-dihedral 2  5   -4.59775617332   2.69428818227
bond-dihedral 2  6   -5.072425084   2.26067793617
bond-dihedral 2  7   -4.72934508813   2.74520189669
bond-dihedral 2  8   -5.32243204604   2.69600058251
bond-dihedral 2  9   -4.79512228653   2.90941658956
bond-dihedral 2  10   -5.23493016338   2.75031152045
bond-dihedral 2  11   -5.35563862709   2.92496840574
bond-dihedral 2  12   -5.85807525144   2.80749021483
bond-dihedral 2  13   -4.27669331827   2.83869279308
bond-dihedral 2  14   -5.0788068602   2.95064052354
bond-dihedral 2  15   -6.04104401731   2.74315792117
bond-dihedral 2  16   -5.06283768365   2.80705969365
bond-dihedral 2  17   -4.83788488264   2.88034724824
bond-dihedral 2  18   -4.3448587579   2.62910453074
bond-dihedral 2  19   -4.73080864131   2.73890933977
bond-dihedral 3  1   -3.61604855574   2.81048449412
bond-dihedral 3  2   -4.67132443605   2.67329516705
bond-dihedral 3  3   -4.35793201729   2.63368468742
bond-dihedral 3  4   -3.9226765766   2.98853860293
bond-dihedral 3  5   -4.28766875019   2.57351171374
bond-dihedral 3  6   -4.97192592322   2.34948972999
bond-dihedral 3  7   -4.52405179617   2.72921955933
bond-dihedral 3  8   -5.15207013114   2.71494962221
bond-dihedral 3  9   -4.51996624045   2.82357149809
bond-dihedral 3  10   -5.02963687142   2.73432918309
bond-dihedral 3  11   -5.15034533513   2.90898606838
bond-dihedral 3  12   -5.61785058243   2.75657650041
bond-dihedral 3  13   -4.10633140337   2.85764183278
bond-dihedral 3  14   -4.9084449453   2.96958956323
bond-dihedral 3  15   -5.80081934829   2.69224420675
bond-dihedral 3  16   -4.9274071458   2.86094011041
bond-dihedral 3  17   -4.63259159069   2.86436491088
bond-dihedral 3  18   -4.10463408888   2.57819081632
bond-dihedral 3  19   -4.52551534936   2.72292700241
bond-dihedral 4  1   -3.80913278928   2.8420900166
bond-dihedral 4  2   -4.86440866959   2.70490068953
bond-dihedral 4  3   -4.58594762788   2.70022158695
bond-dihedral 4  4   -4.08082943308   2.98521274836
bond-dihedral 4  5   -4.48075298373   2.60511723622
bond-dihedral 4  6   -4.99035327147   2.20643836718
bond-dihedral 4  7   -4.64727327559   2.6909623277
bond-dihedral 4  8   -5.24036023351   2.64176101352
bond-dihedral 4  9   -4.71305047399   2.85517702057
bond-dihedral 4  10   -5.11792697378   2.6611405744
bond-dihedral 4  11   -5.30849819161   2.9056602138
bond-dihedral 4  12   -5.84586619302   2.82311339995
bond-dihedral 4  13   -4.15969012868   2.74952184703
bond-dihedral 4  14   -4.99673504766   2.89640095454
bond-dihedral 4  15   -5.88910945066   2.61905559806
bond-dihedral 4  16   -4.910903117   2.68295737054
bond-dihedral 4  17   -4.75581307011   2.82610767925
bond-dihedral 4  18   -4.29771832242   2.6097963388
bond-dihedral 4  19   -4.61380545172   2.64973839372
bond-dihedral 5  1   -4.35028247867   2.81345119646
bond-dihedral 5  2   -5.37062698193   2.64133049234
bond-dihedral 5  3   -5.12709731727   2.67158276682
bond-dihedral 5  4   -4.58704774542   2.92164255116
bond-dihedral 5  5   -5.02190267312   2.57647841608
bond-dihedral 5  6   -5.57612411836   2.22242070453
bond-dihedral 5  7   -5.18842296499   2.66232350756
bond-dihedral 5  8   -5.81644129996   2.64805357043
bond-dihedral 5  9   -5.21926878633   2.79160682337
bond-dihedral 5  10   -5.72893941729   2.70236450837
bond-dihedral 5  11   -5.849647881   2.87702139366
bond-dihedral 5  12   -6.3171531283   2.7246118257
bond-dihedral 5  13   -4.70083981807   2.72088302689
bond-dihedral 5  14   -5.60774749117   2.93762488852
bond-dihedral 5  15   -6.46519051711   2.62534815498
bond-dihedral 5  16   -5.55684693756   2.75911268157
bond-dihedral 5  17   -5.2969627595   2.79746885911
bond-dihedral 5  18   -4.83886801181   2.58115751866
bond-dihedral 5  19   -5.15495514111   2.62109957358
bond-dihedral 6  1   -3.79330434526   3.01421072073
bond-dihedral 6  2   -4.90875319925   2.93719436734
bond-dihedral 6  3   -4.45563527225   2.75785837947
bond-dihedral 6  4   -4.02037983157   3.11271229499
bond-dihedral 6  5   -4.42030338221   2.73261678285
bond-dihedral 6  6   -4.96483504701   2.36886929087
bond-dihedral 6  7   -4.76148055937   2.99311875962
bond-dihedral 6  8   -5.24977338611   2.83912331426
bond-dihedral 6  9   -4.61766949542   2.94774519014
bond-dihedral 6  10   -5.05747737227   2.78864012103
bond-dihedral 6  11   -5.21311721304   2.99822838337
bond-dihedral 6  12   -5.78541659151   2.95061294658
bond-dihedral 6  13   -4.09924052717   2.87702139366
bond-dihedral 6  14   -5.00614820026   3.09376325529
bond-dihedral 6  15   -5.89852260326   2.81641789881
bond-dihedral 6  16   -4.88538489254   2.84538829423
bond-dihedral 6  17   -4.69536346859   2.95360722588
bond-dihedral 6  18   -4.20233734385   2.70236450837
bond-dihedral 6  19   -4.58828722726   2.81216931741
bond-dihedral 7  1   -4.06449064097   2.88203207152
bond-dihedral 7  2   -5.15469789834   2.77977412151
bond-dihedral 7  3   -4.77144272546   2.67030088776
bond-dihedral 7  4   -4.33618728478   3.02515480328
bond-dihedral 7  5   -4.80597358954   2.71492204526
bond-dihedral 7  6   -5.21077974611   2.21144904504
bond-dihedral 7  7   -4.93756250434   2.76583575967
bond-dihedral 7  8   -5.53064946226   2.71663444549
bond-dihedral 7  9   -4.96840832569   2.89511907549
bond-dihedral 7  10   -5.37328482548   2.70108262932
bond-dihedral 7  11   -5.52892466625   2.91067089166
bond-dihedral 7  12   -6.0313612906   2.79319270076
bond-dihedral 7  13   -4.41504798038   2.78946390195
bond-dihedral 7  14   -5.25209289936   2.93634300946
bond-dihedral 7  15   -6.17939867941   2.69392903004
bond-dihedral 7  16   -5.16626096869   2.72289942546
bond-dihedral 7  17   -5.11596505298   2.97084386534
bond-dihedral 7  18   -4.62293892823   2.71960114783
bond-dihedral 7  19   -4.90409468047   2.7246118257
bond-dihedral 8  1   -2.36386572308   2.47039272137
bond-dihedral 8  2   -3.48900435751   2.40306614841
bond-dihedral 8  3   -3.09605940419   2.28390313422
bond-dihedral 8  4   -2.66123448469   2.63918757092
bond-dihedral 8  5   -3.1402800487   2.33821407216
bond-dihedral 8  6   -3.82496774292   2.11462260958
bond-dihedral 8  7   -3.22724780601   2.34450662908
bond-dihedral 8  8   -3.89019751804   2.36516806901
bond-dihedral 8  9   -3.18823087324   2.40392719077
bond-dihedral 8  10   -3.7425226617   2.35930603327
bond-dihedral 8  11   -3.81860996792   2.48934176107
bond-dihedral 8  12   -4.32104659227   2.37186357016
bond-dihedral 8  13   -2.80026815396   2.46366964327
bond-dihedral 8  14   -3.54177820102   2.51501387886
bond-dihedral 8  15   -4.61849926975   2.42201518811
bond-dihedral 8  16   -3.66596505389   2.51158907839
bond-dihedral 8  17   -3.26592484641   2.40978922651
bond-dihedral 8  18   -2.88738263328   2.27303042062
bond-dihedral 8  19   -3.34319527081   2.45269798377
bond-dihedral 9  1   -4.83640466136   2.77680741917
bond-dihedral 9  2   -5.92661191873   2.67454946916
bond-dihedral 9  3   -5.61321949996   2.63493898952
bond-dihedral 9  4   -5.17796405928   2.98979290504
bond-dihedral 9  5   -5.57788760992   2.6096973929
bond-dihedral 9  6   -6.06224630105   2.18577692724
bond-dihedral 9  7   -5.74440790179   2.69554248438
bond-dihedral 9  8   -6.30256348265   2.61140979314
bond-dihedral 9  9   -5.81018510019   2.85975717725
bond-dihedral 9  10   -6.21506159998   2.66572073108
bond-dihedral 9  11   -6.33577006369   2.84037761637
bond-dihedral 9  12   -6.83820668805   2.72289942546
bond-dihedral 9  13   -5.22189337782   2.71917062665
bond-dihedral 9  14   -6.0589382968   2.86604973417
bond-dihedral 9  15   -6.98624407685   2.62363575474
bond-dihedral 9  16   -5.97310636614   2.65260615016
bond-dihedral 9  17   -5.92281045042   2.90055059004
bond-dihedral 9  18   -5.35992157156   2.57944511842
bond-dihedral 9  19   -5.71094007792   2.6543185504
bond-dihedral 10  1   -5.12696095286   2.98896912411
bond-dihedral 10  2   -6.25209958729   2.92164255116
bond-dihedral 10  3   -5.90377579146   2.84710069447
bond-dihedral 10  4   -5.46852035078   3.20195460998
bond-dihedral 10  5   -5.86844390143   2.82185909785
bond-dihedral 10  6   -6.30818143505   2.35331747469
bond-dihedral 10  7   -6.03496419329   2.90770418932
bond-dihedral 10  8   -6.62805115121   2.85850287514
bond-dihedral 10  9   -6.06581001463   3.03698750513
bond-dihedral 10  10   -6.54054926854   2.91281381308
bond-dihedral 10  11   -6.66125773225   3.08747069837
bond-dihedral 10  12   -7.23355711072   3.03985526158
bond-dihedral 10  13   -5.54738104638   2.96626370866
bond-dihedral 10  14   -6.38442596536   3.11314281617
bond-dihedral 10  15   -7.27680036835   2.83579745969
bond-dihedral 10  16   -6.33352541175   2.93463060922
bond-dihedral 10  17   -6.14350398781   3.04284954087
bond-dihedral 10  18   -5.65047786306   2.79160682337
bond-dihedral 10  19   -6.07135912353   2.93634300946
bond-dihedral 11  1   -4.63629299842   2.84838257352
bond-dihedral 11  2   -5.72650025579   2.74612462351
bond-dihedral 11  3   -5.37817645996   2.67158276682
bond-dihedral 11  4   -4.90798964222   2.99150530527
bond-dihedral 11  5   -5.34284456992   2.6463411702
bond-dihedral 11  6   -5.78258210355   2.17779954704
bond-dihedral 11  7   -5.54429623885   2.76711763873
bond-dihedral 11  8   -6.06752044265   2.64805357043
bond-dihedral 11  9   -5.61007343725   2.9313323316
bond-dihedral 11  10   -5.98001855998   2.70236450837
bond-dihedral 11  11   -6.17058977781   2.94688414778
bond-dihedral 11  12   -6.60316364805   2.75954320275
bond-dihedral 11  13   -5.05671309194   2.82567715806
bond-dihedral 11  14   -5.89375801092   2.97255626558
bond-dihedral 11  15   -6.75120103685   2.66027953203
bond-dihedral 11  16   -5.73806332614   2.68924992746
bond-dihedral 11  17   -5.58297327925   2.83240023616
bond-dihedral 11  18   -5.12487853156   2.61608889572
bond-dihedral 11  19   -5.44096566086   2.65603095064
bond-dihedral 12  1   -3.94298702489   2.77555311707
bond-dihedral 12  2   -5.06812565932   2.70822654411
bond-dihedral 12  3   -4.78966461761   2.70354744153
bond-dihedral 12  4   -4.24961504575   2.95360722588
bond-dihedral 12  5   -4.68446997345   2.6084430908
bond-dihedral 12  6   -5.27362279575   2.28931675631
bond-dihedral 12  7   -4.99071577355   2.8340136905
bond-dihedral 12  8   -5.44407722323   2.64508686809
bond-dihedral 12  9   -4.88183608666   2.82357149809
bond-dihedral 12  10   -5.28671258645   2.62953505192
bond-dihedral 12  11   -5.51221518134   2.90898606838
bond-dihedral 12  12   -6.01465180569   2.79150787747
bond-dihedral 12  13   -4.39833849547   2.78777907867
bond-dihedral 12  14   -5.23538341445   2.93465818618
bond-dihedral 12  15   -6.12775781744   2.65731282969
bond-dihedral 12  16   -5.14955148378   2.72121460218
bond-dihedral 12  17   -5.06432419101   2.934227665
bond-dihedral 12  18   -4.50143531214   2.61312219338
bond-dihedral 12  19   -4.92231657262   2.75785837947
bond-dihedral 13  1   -4.5716942626   2.97298678676
bond-dihedral 13  2   -5.69683289703   2.9056602138
bond-dihedral 13  3   -5.27864634709   2.76125560299
bond-dihedral 13  4   -4.84339090641   3.11610951851
bond-dihedral 13  5   -5.34810858823   2.84080813755
bond-dihedral 13  6   -5.7529147448   2.33733513733
bond-dihedral 13  7   -5.47969750303   2.89172185196
bond-dihedral 13  8   -6.07278446095   2.84252053778
bond-dihedral 13  9   -5.47561194732   2.98607379072
bond-dihedral 13  10   -5.88048844711   2.79203734455
bond-dihedral 13  11   -6.07105966494   3.03655698395
bond-dihedral 13  12   -6.57349628929   2.91907879305
bond-dihedral 13  13   -4.99211435612   2.9502813713
bond-dihedral 13  14   -5.79422789805   3.06222910175
bond-dihedral 13  15   -6.75646505516   2.85474649938
bond-dihedral 13  16   -5.70839596738   2.84878551775
bond-dihedral 13  17   -5.55330592049   2.99193582646
bond-dihedral 13  18   -5.06027979574   2.74069310895
bond-dihedral 13  19   -5.44622967916   2.85049791799
bond-dihedral 14  1   -4.50389192795   2.97756694344
bond-dihedral 14  2   -5.66396193943   2.94517174754
bond-dihedral 14  3   -5.28070676655   2.83569851379
bond-dihedral 14  4   -4.84545132587   3.19055242931
bond-dihedral 14  5   -5.35985878812   2.92494082878
bond-dihedral 14  6   -5.93006257072   2.5868654546
bond-dihedral 14  7   -5.44682654543   2.9312333857
bond-dihedral 14  8   -6.07484488041   2.91696344858
bond-dihedral 14  9   -5.44274098972   3.02558532446
bond-dihedral 14  10   -5.95241162068   2.93634300946
bond-dihedral 14  11   -6.10805146145   3.14593127181
bond-dihedral 14  12   -6.50569395463   2.92365894973
bond-dihedral 14  13   -4.99417477558   3.0247242821
bond-dihedral 14  14   -5.72642556339   3.06680925843
bond-dihedral 14  15   -6.79345685167   2.96412078724
bond-dihedral 14  16   -5.71045638684   2.92322842855
bond-dihedral 14  17   -5.48550358583   2.99651598314
bond-dihedral 14  18   -5.07202999564   2.82482580019
bond-dihedral 14  19   -5.3784273445   2.85507807467
bond-dihedral 15  1   -4.88097338368   2.85339325138
bond-dihedral 15  2   -5.93624926399   2.71620392431
bond-dihedral 15  3   -5.58792546817   2.64166206762
bond-dihedral 15  4   -5.15267002749   2.99651598314
bond-dihedral 15  5   -5.55259357813   2.616420471
bond-dihedral 15  6   -5.99233111175   2.14787884784
bond-dihedral 15  7   -5.78897662411   2.77212831659
bond-dihedral 15  8   -6.41699495908   2.75785837947
bond-dihedral 15  9   -5.85475382251   2.93634300946
bond-dihedral 15  10   -6.18976756818   2.67244380918
bond-dihedral 15  11   -6.38033878601   2.91696344858
bond-dihedral 15  12   -6.91770678742   2.83441663473
bond-dihedral 15  13   -5.37125623131   2.90055059004
bond-dihedral 15  14   -6.10350701912   2.94263556638
bond-dihedral 15  15   -7.06574417623   2.73515296401
bond-dihedral 15  16   -6.12246921963   2.83398611355
bond-dihedral 15  17   -5.89751641862   2.90727366814
bond-dihedral 15  18   -5.36955891682   2.62109957358
bond-dihedral 15  19   -5.7904401773   2.76583575967
bond-dihedral 16  1   -4.04953409926   2.89972680912
bond-dihedral 16  2   -5.21929389118   2.87702139366
bond-dihedral 16  3   -4.89621169198   2.82772113359
bond-dihedral 16  4   -4.35616212012   3.07778091793
bond-dihedral 16  5   -4.75608567076   2.69768540579
bond-dihedral 16  6   -5.38016987012   2.41349044836
bond-dihedral 16  7   -4.95753733969   2.81846187433
bond-dihedral 16  8   -5.58555567466   2.80419193721
bond-dihedral 16  9   -4.98838316103   2.94774519014
bond-dihedral 16  10   -5.42819103788   2.78864012103
bond-dihedral 16  11   -5.61876225571   3.03315976043
bond-dihedral 16  12   -6.15613025712   2.95061294658
bond-dihedral 16  13   -4.53981694689   2.94688414778
bond-dihedral 16  14   -5.34193048881   3.05883187823
bond-dihedral 16  15   -6.19937351475   2.74655514469
bond-dihedral 16  16   -5.22116718109   2.81045691717
bond-dihedral 16  17   -5.0660771342   2.95360722588
bond-dihedral 16  18   -4.60798238651   2.73729588543
bond-dihedral 16  19   -4.95900089287   2.81216931741
bond-dihedral 17  1   -4.07782976183   2.96329700632
bond-dihedral 17  2   -5.1680370192   2.8610390563
bond-dihedral 17  3   -4.81971322337   2.78649719961
bond-dihedral 17  4   -4.38445778269   3.14135111513
bond-dihedral 17  5   -4.85424408745   2.83111835711
bond-dihedral 17  6   -5.38951649299   2.45811160586
bond-dihedral 17  7   -5.02076437931   2.91696344858
bond-dihedral 17  8   -5.64878271429   2.90269351146
bond-dihedral 17  9   -5.05161020066   3.04624676439
bond-dihedral 17  10   -5.50110785794   2.89683147572
bond-dihedral 17  11   -5.64705791828   3.09672995763
bond-dihedral 17  12   -6.18442591969   3.01418314378
bond-dihedral 17  13   -4.56811260946   3.01045434497
bond-dihedral 17  14   -5.33529477433   3.08747069837
bond-dihedral 17  15   -6.26260055438   2.84505671894
bond-dihedral 17  16   -5.28439422072   2.90895849143
bond-dihedral 17  17   -5.09437279677   3.01717742307
bond-dihedral 17  18   -4.63627804908   2.80086608263
bond-dihedral 17  19   -5.0222279325   2.91067089166
bond-dihedral 18  1   -3.98707545733   2.8340136905
bond-dihedral 18  2   -5.00741996058   2.66189298638
bond-dihedral 18  3   -4.65909616476   2.58735112968
bond-dihedral 18  4   -4.22384072408   2.9422050452
bond-dihedral 18  5   -4.62376427472   2.56210953306
bond-dihedral 18  6   -5.09843318541   2.12849928696
bond-dihedral 18  7   -4.79028456659   2.64795462454
bond-dihedral 18  8   -5.3833715245   2.59875331036
bond-dihedral 18  9   -4.9259245191   2.88203207152
bond-dihedral 18  10   -5.22600688772   2.58320149418
bond-dihedral 18  11   -5.4515094826   2.86265251064
bond-dihedral 18  12   -5.95394610696   2.74517431974
bond-dihedral 18  13   -4.44242692791   2.8462396521
bond-dihedral 18  14   -5.13974633865   2.85339325138
bond-dihedral 18  15   -6.10198349577   2.64591064902
bond-dihedral 18  16   -5.08884578505   2.67488104444
bond-dihedral 18  17   -4.8988243611   2.78309997609
bond-dihedral 18  18   -4.44072961341   2.56678863564
bond-dihedral 18  19   -4.75681674272   2.60673069056
bond-dihedral 19  1   -4.04623801251   2.8517084281
bond-dihedral 19  2   -5.13644526988   2.74945047809
bond-dihedral 19  3   -4.78812147405   2.67490862139
bond-dihedral 19  4   -4.42272878749   3.09962529103
bond-dihedral 19  5   -4.75278958401   2.64966702478
bond-dihedral 19  6   -5.2274584947   2.21605677867
bond-dihedral 19  7   -5.02410400705   2.84030624742
bond-dihedral 19  8   -5.54732821085   2.72124217913
bond-dihedral 19  9   -5.02001845134   2.93465818618
bond-dihedral 19  10   -5.38996357407   2.70569036295
bond-dihedral 19  11   -5.65039754601   3.02007275647
bond-dihedral 19  12   -6.08297141625   2.83273181145
bond-dihedral 19  13   -4.46665810602   2.82900301264
bond-dihedral 19  14   -5.33863440206   3.01081349721
bond-dihedral 19  15   -6.196077428   2.69853676367
bond-dihedral 19  16   -5.21787109434   2.76243853615
bond-dihedral 19  17   -5.09771242451   2.94052022191
bond-dihedral 19  18   -4.63961767682   2.72420888147
bond-dihedral 19  19   -4.92077342907   2.72921955933
bond-dihedral 20  1   -4.67446201765   2.85510565162
bond-dihedral 20  2   -5.79960065208   2.78777907867
bond-dihedral 20  3   -5.52113961037   2.78309997609
bond-dihedral 20  4   -5.01602141557   3.06809113749
bond-dihedral 20  5   -5.38101358916   2.6530642483
bond-dihedral 20  6   -5.8906138769   2.25438537925
bond-dihedral 20  7   -5.6523280122   2.84370347094
bond-dihedral 20  8   -6.21048359305   2.75957077971
bond-dihedral 20  9   -5.61331107942   2.90312403264
bond-dihedral 20  10   -6.05311895627   2.74401896353
bond-dihedral 20  11   -6.2436901741   2.98853860293
bond-dihedral 20  12   -6.78105817551   2.90599178908
bond-dihedral 20  13   -5.12981348823   2.86733161322
bond-dihedral 20  14   -5.93192703015   2.97927934367
bond-dihedral 20  15   -6.82430143315   2.70193398719
bond-dihedral 20  16   -5.88102647654   2.80076713673
bond-dihedral 20  17   -5.6910050526   2.90898606838
bond-dihedral 20  18   -5.26784168196   2.72760610499
bond-dihedral 20  19   -5.58392881127   2.76754815991
bond-dihedral 21  1   -4.2705155299   2.90941658956
bond-dihedral 21  2   -5.36072278728   2.80715863955
bond-dihedral 21  3   -5.01239899145   2.73261678285
bond-dihedral 21  4   -4.57714355077   3.08747069837
bond-dihedral 21  5   -4.97706710141   2.70737518623
bond-dihedral 21  6   -5.52159876621   2.34362769425
bond-dihedral 21  7   -5.17851877034   2.82815165477
bond-dihedral 21  8   -5.80653710531   2.81388171765
bond-dihedral 21  9   -5.24429596874   2.99236634764
bond-dihedral 21  10   -5.64917246853   2.79832990147
bond-dihedral 21  11   -5.8048123093   3.00791816381
bond-dihedral 21  12   -6.34218031071   2.92537134997
bond-dihedral 21  13   -4.72586700048   2.92164255116
bond-dihedral 21  14   -5.56291191946   3.06852165867
bond-dihedral 21  15   -6.4203549454   2.75624492513
bond-dihedral 21  16   -5.44214861174   2.82014669761
bond-dihedral 21  17   -5.28705856485   2.96329700632
bond-dihedral 21  18   -4.82896381716   2.74698566587
bond-dihedral 21  19   -5.21491370058   2.85679047491
angle-angle 1  2   -5.85215085168   3.14135111513
angle-angle 1  3   -6.46088533732   2.94731466896
angle-angle 1  4   -7.0387136965   2.98564326954
angle-angle 1  5   -6.89879868675   2.93719436734
angle-angle 1  6   -6.10363041207   2.86486680101
angle-angle 1  7   -6.33358926113   2.99533304998
angle-angle 1  8   -5.97659048493   2.91824532764
angle-angle 1  9   -6.21083793283   2.99533304998
angle-angle 1  10   -6.37394330813   3.05082692107
angle-angle 1  11   -7.07042982519   3.05550602365
angle-angle 1  12   -6.06943386577   3.10685025925
angle-angle 1  13   -6.16922195687   2.70193398719
angle-angle 1  14   -6.72128490846   3.05550602365
angle-angle 1  15   -7.19657217888   2.99991320666
angle-angle 1  16   -6.68022533282   2.70011499634
angle-angle 1  17   -6.16992374596   2.84710069447
angle-angle 1  18   -5.94843230581   3.12579929895
angle-angle 1  19   -6.55831161822   3.01088486616
angle-angle 1  20   -5.95368898865   3.05253932131
angle-angle 2  3   -5.48790128862   3.04871157661
angle-angle 2  4   -5.99586689369   3.01717742307
angle-angle 2  5   -5.82102050687   2.93379714382
angle-angle 2  6   -5.13064636337   2.96626370866
angle-angle 2  7   -5.32567383537   3.06179858057
angle-angle 2  8   -4.82894955094   2.84498535
angle-angle 2  9   -5.0981283759   2.9570044494
angle-angle 2  10   -5.22630237414   2.97756694344
angle-angle 2  11   -5.95772026826   3.01717742307
angle-angle 2  12   -4.92179293178   3.03359028161
angle-angle 2  13   -5.10113355744   2.70822654411
angle-angle 2  14   -5.57364397447   2.98224604602
angle-angle 2  15   -6.11879399901   2.99651598314
angle-angle 2  16   -5.60244715295   2.69671777282
angle-angle 2  17   -5.17169810064   2.9232560055
angle-angle 2  18   -4.83572274888   3.08747069837
angle-angle 2  19   -5.48053343835   3.00748764263
angle-angle 2  20   -4.91084218583   3.08407347485
angle-angle 3  4   -6.64922253683   2.8677621344
angle-angle 3  5   -6.50930752707   2.8193132322
angle-angle 3  6   -5.78400200651   2.81684841999
angle-angle 3  7   -5.94409810145   2.87745191484
angle-angle 3  8   -5.58709932525   2.8003641925
angle-angle 3  9   -5.7864153961   2.84252053778
angle-angle 3  10   -5.91458939434   2.86308303182
angle-angle 3  11   -6.68093866551   2.93762488852
angle-angle 3  12   -5.61007995199   2.91910637
angle-angle 3  13   -5.74479942014   2.549121475
angle-angle 3  14   -6.29686237173   2.90269351146
angle-angle 3  15   -6.70228688803   2.77723794035
angle-angle 3  16   -6.32566555021   2.61716523827
angle-angle 3  17   -5.8502953404   2.79908231345
angle-angle 3  18   -5.55894114614   3.00791816381
angle-angle 3  19   -6.16882045855   2.89300373102
angle-angle 3  20   -5.66899196015   3.03945231735
angle-angle 4  5   -7.12206726331   2.89257320984
angle-angle 4  6   -6.36183036569   2.85517702057
angle-angle 4  7   -6.55685783769   2.95071189248
angle-angle 4  8   -6.12999630738   2.80376141602
angle-angle 4  9   -6.43410650939   2.95071189248
angle-angle 4  10   -6.56228050763   2.97127438652
angle-angle 4  11   -7.29369840175   3.01088486616
angle-angle 4  12   -6.22283968822   2.99236634764
angle-angle 4  13   -6.39249053344   2.65731282969
angle-angle 4  14   -6.87469073091   2.94102211204
angle-angle 4  15   -7.31504662427   2.85049791799
angle-angle 4  16   -6.93842528645   2.6904252159
angle-angle 4  17   -6.35826094547   2.76754815991
angle-angle 4  18   -6.13676950532   3.04624676439
angle-angle 4  19   -6.74664881773   2.9313323316
angle-angle 4  20   -6.21188894227   3.04284954087
angle-angle 5  6   -6.29177811005   2.87659087248
angle-angle 5  7   -6.41694282793   2.90226299028
angle-angle 5  8   -5.9202185435   2.68544975971
angle-angle 5  9   -6.22432874552   2.83240023616
angle-angle 5  10   -6.43205527832   2.93251526476
angle-angle 5  11   -7.08392063788   2.89257320984
angle-angle 5  12   -6.11785605552   2.97884882249
angle-angle 5  13   -6.21764414662   2.57393255044
angle-angle 5  14   -6.80463847527   2.96243596395
angle-angle 5  15   -7.17513161451   2.80204901579
angle-angle 5  16   -6.83344165375   2.67690769076
angle-angle 5  17   -6.18341455865   2.68416788065
angle-angle 5  18   -6.03178587262   3.03272923925
angle-angle 5  19   -6.57180243092   2.84795205234
angle-angle 5  20   -6.0021111784   2.92453788456
angle-angle 6  7   -5.72656868443   2.93472955512
angle-angle 6  8   -5.29970715412   2.78777907867
angle-angle 6  9   -5.4640918479   2.79500404689
angle-angle 6  10   -5.55733446909   2.78063516387
angle-angle 6  11   -6.39354649438   2.92503977468
angle-angle 6  12   -5.32268778085   2.90652125616
angle-angle 6  13   -5.457407249   2.53653636116
angle-angle 6  14   -5.97453882353   2.85517702057
angle-angle 6  15   -6.44982609396   2.79958420357
angle-angle 6  16   -6.03827337907   2.60458012443
angle-angle 6  17   -5.49304041515   2.71663444549
angle-angle 6  18   -5.20168622089   2.92547029586
angle-angle 6  19   -5.84649691036   2.84548724013
angle-angle 6  20   -5.27680565784   2.92207307234
angle-angle 7  8   -5.38994049494   2.77851981941
angle-angle 7  9   -5.62418794285   2.85560754175
angle-angle 7  10   -5.75236194109   2.87617003579
angle-angle 7  11   -6.55364258932   2.98564326954
angle-angle 7  12   -5.48278387579   2.96712475102
angle-angle 7  13   -5.652434721   2.63207123308
angle-angle 7  14   -6.20449767259   2.98564326954
angle-angle 7  15   -6.6099221889   2.86018769843
angle-angle 7  16   -6.16343809695   2.63025224223
angle-angle 7  17   -5.72299926421   2.84710069447
angle-angle 7  18   -5.39671369288   3.02100516778
angle-angle 7  19   -6.0065930053   2.90609073498
angle-angle 7  20   -5.47183312984   3.01760794425
angle-angle 8  9   -5.16239503547   2.67372568823
angle-angle 8  10   -5.29056903371   2.69428818227
angle-angle 8  11   -6.09184968194   2.80376141602
angle-angle 8  12   -5.02099096841   2.78524289751
angle-angle 8  13   -5.19064181363   2.45018937956
angle-angle 8  14   -5.74270476522   2.80376141602
angle-angle 8  15   -6.14812928152   2.67830584491
angle-angle 8  16   -5.73657656664   2.48330176577
angle-angle 8  17   -5.19134360272   2.59535608684
angle-angle 8  18   -4.93492078551   2.83912331426
angle-angle 8  19   -5.54480009792   2.72420888147
angle-angle 8  20   -5.04497159952   2.8706574678
angle-angle 9  10   -5.6994733669   2.9460327899
angle-angle 9  11   -6.36102850691   2.91578051542
angle-angle 9  12   -5.32510117043   2.93219337396
angle-angle 9  13   -5.45982063859   2.56220847896
angle-angle 9  14   -6.01188359018   2.91578051542
angle-angle 9  15   -6.45223948354   2.82525632137
angle-angle 9  16   -6.04068676866   2.63025224223
angle-angle 9  17   -5.46052242768   2.70737518623
angle-angle 9  18   -5.27396236458   3.02100516778
angle-angle 9  19   -5.91877305406   2.94102211204
angle-angle 9  20   -5.27921904742   2.94774519014
angle-angle 10  11   -6.48920250515   2.93634300946
angle-angle 10  12   -5.48820654573   2.98768724506
angle-angle 10  13   -5.58799463683   2.582770973
angle-angle 10  14   -6.20992034253   3.00620576358
angle-angle 10  15   -6.54548210472   2.81088743835
angle-angle 10  16   -6.23872352101   2.72067749038
angle-angle 10  17   -5.62362780297   2.76286905733
angle-angle 10  18   -5.43706773988   3.07649903887
angle-angle 10  19   -5.97708429818   2.89172185196
angle-angle 10  20   -5.40739304566   2.96830768418
angle-angle 11  12   -6.21962443985   3.02729772469
angle-angle 11  13   -6.31941253095   2.62238145264
angle-angle 11  14   -6.87147548254   2.9759534891
angle-angle 11  15   -7.38169413001   2.95529204916
angle-angle 11  16   -6.93521003807   2.72535659296
angle-angle 11  17   -6.35504569709   2.80247953697
angle-angle 11  18   -6.13355425694   3.08117814145
angle-angle 11  19   -6.77836494642   3.00119508572
angle-angle 11  20   -6.24360507095   3.11271229499
angle-angle 12  13   -5.28348519447   2.63879431118
angle-angle 12  14   -5.83554814606   2.99236634764
angle-angle 12  15   -6.27590403943   2.90184215358
angle-angle 12  16   -5.8992827016   2.7417694515
angle-angle 12  17   -5.31911836062   2.81889239551
angle-angle 12  18   -5.09762692047   3.09759099999
angle-angle 12  19   -5.74243760994   3.01760794425
angle-angle 12  20   -5.13781498037   3.05926239941
angle-angle 13  14   -6.00519899128   2.65731282969
angle-angle 13  15   -6.51541763875   2.63665138976
angle-angle 13  16   -6.06893354681   2.40671593356
angle-angle 13  17   -5.6638566123   2.65892628403
angle-angle 13  18   -5.26727776568   2.76253748205
angle-angle 13  19   -5.84222570104   2.6126916722
angle-angle 13  20   -5.30746582558   2.72420888147
angle-angle 14  15   -6.99761783623   2.9203606721
angle-angle 14  16   -6.55113374429   2.6904252159
angle-angle 14  17   -6.00590078036   2.80247953697
angle-angle 14  18   -5.78440934022   3.08117814145
angle-angle 14  19   -6.35935727557   2.9313323316
angle-angle 14  20   -5.78966602305   3.00791816381
angle-angle 15  16   -7.02642101471   2.63483239891
angle-angle 15  17   -6.62091355902   2.8866122282
angle-angle 15  18   -6.25969661064   3.02558532446
angle-angle 15  19   -6.86957592305   2.91067089166
angle-angle 15  20   -6.29988467053   2.98725672388
angle-angle 16  17   -6.1142564934   2.59650379833
angle-angle 16  18   -5.81321251869   2.79564986826
angle-angle 16  19   -6.42309183111   2.68073543546
angle-angle 16  20   -5.81846920153   2.72238989062
angle-angle 17  18   -5.30291093183   2.94263556638
angle-angle 17  19   -5.84292749013   2.75785837947
angle-angle 17  20   -5.41296174584   2.97416971992
angle-angle 18  19   -5.62143604998   3.03655698395
angle-angle 18  20   -5.08667617452   3.14807419323
angle-angle 19  20   -5.73148686399   3.06809113749
angle-dihedral 1  1   -4.85775977684   3.04284954087
angle-dihedral 1  2   -5.91303565716   2.9056602138
angle-dihedral 1  3   -5.63457461545   2.90098111122
angle-dihedral 1  4   -5.12945642065   3.18597227262
angle-dihedral 1  5   -5.63417410247   2.91067089166
angle-dihedral 1  6   -6.08360141653   2.45181904894
angle-dihedral 1  7   -5.73083164022   2.92665322902
angle-dihedral 1  8   -6.28898722107   2.84252053778
angle-dihedral 1  9   -5.7267460845   3.02100516778
angle-dihedral 1  10   -6.20148533841   2.89683147572
angle-dihedral 1  11   -6.35712517918   3.10641973807
angle-dihedral 1  12   -6.85956180353   2.98894154716
angle-dihedral 1  13   -5.2432484933   2.98521274836
angle-dihedral 1  14   -6.08029341228   3.13209185587
angle-dihedral 1  15   -7.01728897278   2.89936765688
angle-dihedral 1  16   -6.03908263912   2.96326942936
angle-dihedral 1  17   -5.88399259223   3.10641973807
angle-dihedral 1  18   -5.34634530998   2.81055586307
angle-dihedral 1  19   -5.76722657046   2.95529204916
angle-dihedral 2  1   -3.74505021991   3.00452094029
angle-dihedral 2  2   -4.83525747728   2.90226299028
angle-dihedral 2  3   -4.52186505852   2.86265251064
angle-dihedral 2  4   -4.05167824078   3.1825750491
angle-dihedral 2  5   -4.60101708009   2.95189482564
angle-dihedral 2  6   -5.11061736783   2.55321595659
angle-dihedral 2  7   -4.65305346034   2.9232560055
angle-dihedral 2  8   -5.2112090412   2.83912331426
angle-dihedral 2  9   -4.64896790463   3.01760794425
angle-dihedral 2  10   -5.05384440442   2.82357149809
angle-dihedral 2  11   -5.2793469993   3.10302251455
angle-dihedral 2  12   -5.78178362366   2.98554432364
angle-dihedral 2  13   -4.16547031343   2.98181552483
angle-dihedral 2  14   -5.07237798653   3.19855738646
angle-dihedral 2  15   -5.97444216996   2.93090181042
angle-dihedral 2  16   -4.91668330175   2.91525104834
angle-dihedral 2  17   -4.84114578941   3.13795389161
angle-dihedral 2  18   -4.26856713011   2.80715863955
angle-dihedral 2  19   -4.68944839059   2.95189482564
angle-dihedral 3  1   -4.43333724011   2.89003702868
angle-dihedral 3  2   -5.52354449748   2.78777907867
angle-dihedral 3  3   -5.21015207872   2.74816859903
angle-dihedral 3  4   -4.77489663803   3.10302251455
angle-dihedral 3  5   -5.20975156573   2.75785837947
angle-dihedral 3  6   -5.71935185348   2.35917951043
angle-dihedral 3  7   -5.34134048054   2.80877209389
angle-dihedral 3  8   -5.8994960614   2.72463940265
angle-dihedral 3  9   -5.33725492483   2.90312403264
angle-dihedral 3  10   -5.81199417873   2.77895034059
angle-dihedral 3  11   -5.9676340195   2.98853860293
angle-dihedral 3  12   -6.47007064386   2.87106041203
angle-dihedral 3  13   -4.81882595657   2.83240023616
angle-dihedral 3  14   -5.72573362967   3.04914209779
angle-dihedral 3  15   -6.61810803266   2.77179674131
angle-dihedral 3  16   -5.639901699   2.83569851379
angle-dihedral 3  17   -5.52943280961   3.02346997999
angle-dihedral 3  18   -4.99178552737   2.72760610499
angle-dihedral 3  19   -5.42235656828   2.88203207152
angle-dihedral 4  1   -5.04609697635   2.96329700632
angle-dihedral 4  2   -6.13630423372   2.8610390563
angle-dihedral 4  3   -5.82291181495   2.82142857667
angle-dihedral 4  4   -5.35272499721   3.14135111513
angle-dihedral 4  5   -5.75264854786   2.76125560299
angle-dihedral 4  6   -6.22731745854   2.32764535689
angle-dihedral 4  7   -5.95410021678   2.88203207152
angle-dihedral 4  8   -6.61704992881   2.90269351146
angle-dihedral 4  9   -5.95001466106   2.97638401028
angle-dihedral 4  10   -6.42475391497   2.85221031822
angle-dihedral 4  11   -6.58039375574   3.06179858057
angle-dihedral 4  12   -7.04789900304   2.90938901261
angle-dihedral 4  13   -5.43158569281   2.9056602138
angle-dihedral 4  14   -6.30356198885   3.08747069837
angle-dihedral 4  15   -7.2308677689   2.84505671894
angle-dihedral 4  16   -6.21773005818   2.87402711437
angle-dihedral 4  17   -6.02770863424   2.98224604602
angle-dihedral 4  18   -5.56961388655   2.76593470557
angle-dihedral 4  19   -5.92063239291   2.84080813755
angle-dihedral 5  1   -4.98573450115   2.99440063867
angle-dihedral 5  2   -6.03132060102   2.84752153116
angle-dihedral 5  3   -5.61313405108   2.70311692035
angle-dihedral 5  4   -5.21280998746   3.09290221293
angle-dihedral 5  5   -5.71752766927   2.81760083196
angle-dihedral 5  6   -6.22712795701   2.41892196292
angle-dihedral 5  7   -5.84911658408   2.86851454638
angle-dihedral 5  8   -6.44220354199   2.8193132322
angle-dihedral 5  9   -5.87996240542   2.99779786219
angle-dihedral 5  10   -6.31977028227   2.83869279308
angle-dihedral 5  11   -6.37061599187   2.94348692426
angle-dihedral 5  12   -6.95260515078   2.9055612679
angle-dihedral 5  13   -5.36153343717   2.92707406572
angle-dihedral 5  14   -6.16364697909   3.03902179617
angle-dihedral 5  15   -7.05602138209   2.76167643969
angle-dihedral 5  16   -6.11274642548   2.86050958923
angle-dihedral 5  17   -5.85286224742   2.89886576676
angle-dihedral 5  18   -5.39476749973   2.68255442631
angle-dihedral 5  19   -5.74578600609   2.75742785829
angle-dihedral 6  1   -4.18087644603   2.9123832919
angle-dihedral 6  2   -5.20122094929   2.74026258777
angle-dihedral 6  3   -4.92275990758   2.73558348519
angle-dihedral 6  4   -4.4875044669   3.09043740071
angle-dihedral 6  5   -4.9669805521   2.78989442313
angle-dihedral 6  6   -5.37178670866   2.28642142291
angle-dihedral 6  7   -5.01901693235   2.76125560299
angle-dihedral 6  8   -5.64703526732   2.74698566587
angle-dihedral 6  9   -5.04986275369   2.8905389188
angle-dihedral 6  10   -5.5246020076   2.76636522675
angle-dihedral 6  11   -5.68024184837   2.9759534891
angle-dihedral 6  12   -6.18267847272   2.85847529819
angle-dihedral 6  13   -4.56636516249   2.85474649938
angle-dihedral 6  14   -5.40341008147   3.0016256069
angle-dihedral 6  15   -6.26085310741   2.68934887336
angle-dihedral 6  16   -5.24771539669   2.71831926878
angle-dihedral 6  17   -5.12755672686   2.89640095454
angle-dihedral 6  18   -4.71408313667   2.72471077159
angle-dihedral 6  19   -5.03017026597   2.76465282651
angle-dihedral 7  1   -4.41083529509   3.04284954087
angle-dihedral 7  2   -5.4661111754   2.9056602138
angle-dihedral 7  3   -5.11778737958   2.83111835711
angle-dihedral 7  4   -4.64760056184   3.15104089557
angle-dihedral 7  5   -5.12707664704   2.85049791799
angle-dihedral 7  6   -5.55712440022   2.37226651439
angle-dihedral 7  7   -5.21404440435   2.85679047491
angle-dihedral 7  8   -5.80713136226   2.80758916073
angle-dihedral 7  9   -5.24489022569   2.98607379072
angle-dihedral 7  10   -5.68469810254   2.82696872161
angle-dihedral 7  11   -5.84033794331   3.03655698395
angle-dihedral 7  12   -6.34277456766   2.91907879305
angle-dihedral 7  13   -4.76139263449   2.9502813713
angle-dihedral 7  14   -5.70323168465   3.20195460998
angle-dihedral 7  15   -6.42094920235   2.74995236821
angle-dihedral 7  16   -5.44274286869   2.81385414069
angle-dihedral 7  17   -5.2876528218   2.9570044494
angle-dihedral 7  18   -4.86448945117   2.77562448601
angle-dihedral 7  19   -5.18057658048   2.81556654093
angle-dihedral 8  1   -3.84424825654   2.75617355619
angle-dihedral 8  2   -4.93445551391   2.65391560617
angle-dihedral 8  3   -4.69092584926   2.68416788065
angle-dihedral 8  4   -4.11594490035   2.89929628794
angle-dihedral 8  5   -4.58573120511   2.58906352992
angle-dihedral 8  6   -5.13026286991   2.22531603793
angle-dihedral 8  7   -4.71732011991   2.63997724433
angle-dihedral 8  8   -5.38026983194   2.66063868427
angle-dihedral 8  9   -4.78309731831   2.80419193721
angle-dihedral 8  10   -5.22290519516   2.64508686809
angle-dihedral 8  11   -5.37854503593   2.85467513044
angle-dihedral 8  12   -5.91591303734   2.77212831659
angle-dihedral 8  13   -4.29959972712   2.76839951779
angle-dihedral 8  14   -5.17157602316   2.95021000235
angle-dihedral 8  15   -6.02901904909   2.63793326881
angle-dihedral 8  16   -5.01588133838   2.66690366424
angle-dihedral 8  17   -4.9306540456   2.87991672706
angle-dihedral 8  18   -4.4026965438   2.5937426325
angle-dihedral 8  19   -4.75371505016   2.66861606447
angle-dihedral 9  1   -4.14835845856   2.90312403264
angle-dihedral 9  2   -5.27349709299   2.83579745969
angle-dihedral 9  3   -4.92517329716   2.76125560299
angle-dihedral 9  4   -4.45498647942   3.08117814145
angle-dihedral 9  5   -4.81997865301   2.66615125226
angle-dihedral 9  6   -5.29464756369   2.23254100616
angle-dihedral 9  7   -5.12622445311   2.89172185196
angle-dihedral 9  8   -5.64944865691   2.77265778367
angle-dihedral 9  9   -5.12213889739   2.98607379072
angle-dihedral 9  10   -5.56194677424   2.82696872161
angle-dihedral 9  11   -5.75251799207   3.07148836101
angle-dihedral 9  12   -6.18509186231   2.88414741599
angle-dihedral 9  13   -4.56877855208   2.88041861718
angle-dihedral 9  14   -5.370892094   2.99236634764
angle-dihedral 9  15   -6.29819787405   2.74995236821
angle-dihedral 9  16   -5.28506016334   2.77892276363
angle-dihedral 9  17   -5.12997011645   2.92207307234
angle-dihedral 9  18   -4.6369439917   2.67083035484
angle-dihedral 9  19   -5.02289387512   2.78063516387
angle-dihedral 10  1   -4.34639521091   2.9935492808
angle-dihedral 10  2   -5.36673971417   2.82142857667
angle-dihedral 10  3   -5.12321004952   2.85168085115
angle-dihedral 10  4   -4.58316047766   3.10174063549
angle-dihedral 10  5   -5.05294678242   2.79150787747
angle-dihedral 10  6   -5.56254707016   2.39282900843
angle-dihedral 10  7   -5.25439845135   2.912284346
angle-dihedral 10  8   -5.84748540926   2.86308303182
angle-dihedral 10  9   -5.18045014151   2.93677353064
angle-dihedral 10  10   -5.65518939542   2.81259983859
angle-dihedral 10  11   -5.81082923619   3.02218810094
angle-dihedral 10  12   -6.31326586055   2.90470991003
angle-dihedral 10  13   -4.69695255032   2.90098111122
angle-dihedral 10  14   -5.49906609224   3.01292884168
angle-dihedral 10  15   -6.49623462641   2.84037761637
angle-dihedral 10  16   -5.51802829275   2.90427938885
angle-dihedral 10  17   -5.29307549175   2.97756694344
angle-dihedral 10  18   -4.800049367   2.72632422593
angle-dihedral 10  19   -5.15106787336   2.80119765791
angle-dihedral 11  1   -5.04288172798   2.99822838337
angle-dihedral 11  2   -6.1680203624   2.93090181042
angle-dihedral 11  3   -5.78476518952   2.82142857667
angle-dihedral 11  4   -5.34950974884   3.17628249218
angle-dihedral 11  5   -5.78436467654   2.83111835711
angle-dihedral 11  6   -6.25903358723   2.397508111
angle-dihedral 11  7   -5.95088496841   2.91696344858
angle-dihedral 11  8   -6.50904054926   2.83283075734
angle-dihedral 11  9   -5.94679941269   3.01131538734
angle-dihedral 11  10   -6.4215386666   2.88714169528
angle-dihedral 11  11   -6.54224713031   3.06179858057
angle-dihedral 11  12   -7.04468375466   2.94432038966
angle-dihedral 11  13   -5.42837044444   2.94059159086
angle-dihedral 11  14   -6.30034674048   3.12240207543
angle-dihedral 11  15   -7.15778976641   2.81012534189
angle-dihedral 11  16   -6.17958343275   2.87402711437
angle-dihedral 11  17   -6.02449338586   3.01717742307
angle-dihedral 11  18   -5.56639863817   2.80086608263
angle-dihedral 11  19   -5.91741714454   2.87573951461
angle-dihedral 12  1   -4.04188576856   3.04957261897
angle-dihedral 12  2   -5.13209302593   2.94731466896
angle-dihedral 12  3   -4.74883785305   2.83784143521
angle-dihedral 12  4   -4.31358241237   3.19269535072
angle-dihedral 12  5   -4.71350596301   2.81259983859
angle-dihedral 12  6   -5.22310625075   2.41392096954
angle-dihedral 12  7   -4.94988900899   2.96830768418
angle-dihedral 12  8   -5.47311321279   2.84924361588
angle-dihedral 12  9   -4.91087207622   3.02772824588
angle-dihedral 12  10   -5.31574857601   2.83369179971
angle-dihedral 12  11   -5.50631979384   3.07821143911
angle-dihedral 12  12   -6.00875641819   2.9607332482
angle-dihedral 12  13   -4.39244310797   2.9570044494
angle-dihedral 12  14   -5.22948802695   3.10388355691
angle-dihedral 12  15   -6.19172518406   2.89640095454
angle-dihedral 12  16   -5.14365609628   2.89043997291
angle-dihedral 12  17   -4.98856604939   3.03359028161
angle-dihedral 12  18   -4.49553992464   2.78234756411
angle-dihedral 12  19   -4.88148980806   2.89215237314
angle-dihedral 13  1   -4.07181110554   2.5747935928
angle-dihedral 13  2   -5.19694973997   2.50746701984
angle-dihedral 13  3   -4.96310985576   2.54740907476
angle-dihedral 13  4   -4.37843912641   2.75284770161
angle-dihedral 13  5   -4.90882892602   2.50321843844
angle-dihedral 13  6   -5.54889546274   2.23500581837
angle-dihedral 13  7   -5.04967710009   2.56339141212
angle-dihedral 13  8   -5.79217934668   2.66360538661
angle-dihedral 13  9   -5.04559154437   2.65774335087
angle-dihedral 13  10   -5.56495195578   2.57819081632
angle-dihedral 13  11   -5.80643688802   2.87362417014
angle-dihedral 13  12   -6.28320139458   2.73047386143
angle-dihedral 13  13   -4.63195670729   2.69181368557
angle-dihedral 13  14   -5.3642074951   2.73389866191
angle-dihedral 13  15   -6.33613443265   2.53610583998
angle-dihedral 13  16   -5.31330694149   2.55538645496
angle-dihedral 13  17   -5.12328551755   2.66360538661
angle-dihedral 13  18   -4.6748805503   2.45698382661
angle-dihedral 13  19   -5.01620927622   2.52216747814
angle-dihedral 14  1   -4.65880543419   2.96329700632
angle-dihedral 14  2   -5.74901269156   2.8610390563
angle-dihedral 14  3   -5.36575751868   2.75156582255
angle-dihedral 14  4   -4.930502078   3.10641973807
angle-dihedral 14  5   -5.40028838276   2.79618698005
angle-dihedral 14  6   -5.91957845094   2.40719789144
angle-dihedral 14  7   -5.56680867462   2.88203207152
angle-dihedral 14  8   -6.15989563254   2.83283075734
angle-dihedral 14  9   -5.64227565346   3.05593654483
angle-dihedral 14  10   -6.03746237281   2.85221031822
angle-dihedral 14  11   -6.15817083652   3.02686720351
angle-dihedral 14  12   -6.69553883794   2.94432038966
angle-dihedral 14  13   -5.07922552771   2.94059159086
angle-dihedral 14  14   -5.95120182375   3.12240207543
angle-dihedral 14  15   -6.8785076038   2.879988096
angle-dihedral 14  16   -5.90030127014   2.94388986848
angle-dihedral 14  17   -5.67534846914   3.01717742307
angle-dihedral 14  18   -5.18232234439   2.76593470557
angle-dihedral 14  19   -5.53334085075   2.84080813755
angle-dihedral 15  1   -5.0642299505   2.83784143521
angle-dihedral 15  2   -6.25923133904   2.84037761637
angle-dihedral 15  3   -5.91090754321   2.76583575967
angle-dihedral 15  4   -5.37085797136   3.01589554402
angle-dihedral 15  5   -5.94543840729   2.81045691717
angle-dihedral 15  6   -6.42010731798   2.37684667107
angle-dihedral 15  7   -6.00716456798   2.79150787747
angle-dihedral 15  8   -6.63518290296   2.77723794035
angle-dihedral 15  9   -6.07294176638   2.95572257034
angle-dihedral 15  10   -6.47781826617   2.76168612417
angle-dihedral 15  11   -6.59852672989   2.93634300946
angle-dihedral 15  12   -7.10096335424   2.81886481855
angle-dihedral 15  13   -5.48465004401   2.81513601975
angle-dihedral 15  14   -6.32169496299   2.96201512726
angle-dihedral 15  15   -7.28393212011   2.75453252489
angle-dihedral 15  16   -6.30572578645   2.81843429737
angle-dihedral 15  17   -6.1157043625   2.92665322902
angle-dihedral 15  18   -5.62267823775   2.67541051152
angle-dihedral 15  19   -5.93876536705   2.71535256644
angle-dihedral 16  1   -4.75747136678   2.74763148724
angle-dihedral 16  2   -5.99709391283   2.7947888259
angle-dihedral 16  3   -5.42949207422   2.50096892642
angle-dihedral 16  4   -5.02916801059   2.89075421899
angle-dihedral 16  5   -5.49895431535   2.58052146097
angle-dihedral 16  6   -6.05317576059   2.22646374942
angle-dihedral 16  7   -5.66547460721   2.66636655245
angle-dihedral 16  8   -6.23331996851   2.59192364165
angle-dihedral 16  9   -5.6613890515   2.7607184912
angle-dihedral 16  10   -6.13612830541   2.63654479915
angle-dihedral 16  11   -6.22190539206   2.77627030738
angle-dihedral 16  12   -6.72434201642   2.65879211647
angle-dihedral 16  13   -5.14296008325   2.68999469472
angle-dihedral 16  14   -5.94507362517   2.80194242518
angle-dihedral 16  15   -7.03777703125   2.72492607178
angle-dihedral 16  16   -5.96403582568   2.69329297235
angle-dihedral 16  17   -5.66922027056   2.69671777282
angle-dihedral 16  18   -5.24605689992   2.51533780943
angle-dihedral 16  19   -5.64169656378   2.63483239891
angle-dihedral 17  1   -4.14237564875   2.78982305419
angle-dihedral 17  2   -5.23258290612   2.68756510417
angle-dihedral 17  3   -4.91919048735   2.64795462454
angle-dihedral 17  4   -4.44900366961   2.967877163
angle-dihedral 17  5   -4.97939346923   2.71824789983
angle-dihedral 17  6   -5.48270120005   2.31327647387
angle-dihedral 17  7   -5.08531026624   2.74348949645
angle-dihedral 17  8   -5.67839722415   2.69428818227
angle-dihedral 17  9   -5.04629333346   2.80291005815
angle-dihedral 17  10   -5.48610121031   2.64380498904
angle-dihedral 17  11   -5.79115633975   3.00280854006
angle-dihedral 17  12   -6.21404042955   2.80577781459
angle-dihedral 17  13   -4.66758987344   2.8719117699
angle-dihedral 17  14   -5.4347720383   2.9489281233
angle-dihedral 17  15   -6.33683622174   2.68127254726
angle-dihedral 17  16   -5.34894010764   2.7354845393
angle-dihedral 17  17   -5.12398730664   2.80877209389
angle-dihedral 17  18   -4.7454450935   2.672013288
angle-dihedral 17  19   -5.09646359986   2.74688671997
angle-dihedral 18  1   -3.9208842086   3.06852165867
angle-dihedral 18  2   -5.08095422008   3.03612646277
angle-dihedral 18  3   -4.62783629309   2.85679047491
angle-dihedral 18  4   -4.19258085241   3.21164439042
angle-dihedral 18  5   -4.59250440305   2.83154887829
angle-dihedral 18  6   -5.10210469079   2.43287000924
angle-dihedral 18  7   -4.86381882609   3.02218810094
angle-dihedral 18  8   -5.42197440694   2.9380554097
angle-dihedral 18  9   -4.85973327037   3.11654003969
angle-dihedral 18  10   -5.29954114722   2.95743497058
angle-dihedral 18  11   -5.49011236505   3.20195460998
angle-dihedral 18  12   -5.9925489894   3.08447641908
angle-dihedral 18  13   -4.34130430212   3.04581624321
angle-dihedral 18  14   -5.14341784404   3.15776397367
angle-dihedral 18  15   -6.07072362409   2.91534999424
angle-dihedral 18  16   -5.12744866749   3.01418314378
angle-dihedral 18  17   -4.90249586649   3.08747069837
angle-dihedral 18  18   -4.40946974174   2.83622798087
angle-dihedral 18  19   -4.7604882481   2.91110141284
angle-dihedral 19  1   -4.49583214395   2.91867584882
angle-dihedral 19  2   -5.58603940133   2.81641789881
angle-dihedral 19  3   -5.30757835962   2.81173879623
angle-dihedral 19  4   -4.80246016482   3.09672995763
angle-dihedral 19  5   -5.27224646958   2.78649719961
angle-dihedral 19  6   -5.7119840032   2.31795557645
angle-dihedral 19  7   -5.4736981385   2.90727366814
angle-dihedral 19  8   -5.9969223423   2.78820959985
angle-dihedral 19  9   -5.43468120573   2.96669422984
angle-dihedral 19  10   -5.87448908258   2.80758916073
angle-dihedral 19  11   -6.0650603004   3.05210880013
angle-dihedral 19  12   -6.5325655477   2.89969923217
angle-dihedral 19  13   -4.95118361453   2.93090181042
angle-dihedral 19  14   -5.78822853351   3.07778091793
angle-dihedral 19  15   -6.68060293651   2.80043556145
angle-dihedral 19  16   -5.66746522579   2.82940595687
angle-dihedral 19  17   -5.66179046757   3.12197155425
angle-dihedral 19  18   -5.01934905415   2.72131354807
angle-dihedral 19  19   -5.44023031463   2.86604973417
angle-dihedral 20  1   -3.92614089143   2.99526168103
angle-dihedral 20  2   -5.12114227998   2.99779786219
angle-dihedral 20  3   -4.66802435298   2.81846187433
angle-dihedral 20  4   -4.2327689123   3.17331578984
angle-dihedral 20  5   -4.63269246294   2.79322027771
angle-dihedral 20  6   -5.10736137363   2.35961003161
angle-dihedral 20  7   -4.90400688598   2.98385950036
angle-dihedral 20  8   -5.42723108978   2.86479543206
angle-dihedral 20  9   -4.86498995321   3.04328006205
angle-dihedral 20  10   -5.30479783006   2.88417499294
angle-dihedral 20  11   -5.49536904788   3.12869463235
angle-dihedral 20  12   -6.04242682974   3.05583759894
angle-dihedral 20  13   -4.34656098495   2.97255626558
angle-dihedral 20  14   -5.21853728099   3.15436675014
angle-dihedral 20  15   -6.07598030693   2.8420900166
angle-dihedral 20  16   -5.13270535033   2.94092316614
angle-dihedral 20  17   -4.97761530344   3.08407347485
angle-dihedral 20  18   -4.44965780163   2.79789938029
angle-dihedral 20  19   -4.87053906211   2.94263556638
dihedral-dihedral 1  2   -3.920418937   2.88331395058
dihedral-dihedral 1  3   -3.50223238706   2.73890933977
dihedral-dihedral 1  4   -3.24163383167   3.26842014058
dihedral-dihedral 1  5   -3.5716946282   2.81846187433
dihedral-dihedral 1  6   -3.97650078476   2.31498887411
dihedral-dihedral 1  7   -3.73821492006   2.9043069658
dihedral-dihedral 1  8   -4.29637050092   2.82017427456
dihedral-dihedral 1  9   -3.73412936435   2.99865890455
dihedral-dihedral 1  10   -4.13900586414   2.80462245839
dihedral-dihedral 1  11   -4.29464570491   3.01421072073
dihedral-dihedral 1  12   -4.83201370632   2.93166390688
dihedral-dihedral 1  13   -3.18076901903   2.89300373102
dihedral-dihedral 1  14   -4.12260806919   3.1446769697
dihedral-dihedral 1  15   -5.01498247218   2.86733161322
dihedral-dihedral 1  16   -3.96691338441   2.86137063159
dihedral-dihedral 1  17   -3.81182333752   3.00452094029
dihedral-dihedral 1  18   -3.28386583571   2.71834684573
dihedral-dihedral 1  19   -3.70474709619   2.86308303182
dihedral-dihedral 2  3   -4.59243964443   2.63665138976
dihedral-dihedral 2  4   -4.19211558081   3.02643668233
dihedral-dihedral 2  5   -4.59203913145   2.6463411702
dihedral-dihedral 2  6   -5.14626057669   2.29228345865
dihedral-dihedral 2  7   -4.89828493155   2.8719117699
dihedral-dihedral 2  8   -5.43119891579   2.76253748205
dihedral-dihedral 2  9   -4.85926799877   2.9313323316
dihedral-dihedral 2  10   -5.29907587562   2.77222726249
dihedral-dihedral 2  11   -5.38485296228   2.91195277072
dihedral-dihedral 2  12   -6.00177349825   2.90895849143
dihedral-dihedral 2  13   -4.30590765346   2.82567715806
dihedral-dihedral 2  14   -5.1778839495   3.00748764263
dihedral-dihedral 2  15   -6.10518972955   2.76507366321
dihedral-dihedral 2  16   -5.16191477295   2.86390681275
dihedral-dihedral 2  17   -4.86709921783   2.86733161322
dihedral-dihedral 2  18   -4.40900447014   2.65102027278
dihedral-dihedral 2  19   -4.7600229765   2.72589370475
dihedral-dihedral 3  4   -3.84379178498   2.95189482564
dihedral-dihedral 3  5   -4.3931306243   2.72121460218
dihedral-dihedral 3  6   -4.94735206954   2.36715689063
dihedral-dihedral 3  7   -4.48009838161   2.72750715909
dihedral-dihedral 3  8   -5.07318533952   2.67830584491
dihedral-dihedral 3  9   -4.47601282589   2.82185909785
dihedral-dihedral 3  10   -4.92551048318   2.67244380918
dihedral-dihedral 3  11   -5.17625467468   2.97713642226
dihedral-dihedral 3  12   -5.53896579081   2.71993272312
dihedral-dihedral 3  13   -4.03713639219   2.83068783593
dihedral-dihedral 3  14   -4.86449153073   2.967877163
dihedral-dihedral 3  15   -5.75686593373   2.69053180651
dihedral-dihedral 3  16   -4.75341800345   2.72919198238
dihedral-dihedral 3  17   -4.55370679907   2.82772113359
dihedral-dihedral 3  18   -4.09561205137   2.61140979314
dihedral-dihedral 3  19   -4.44663055774   2.68628322512
dihedral-dihedral 4  5   -3.92294380656   3.04113714063
dihedral-dihedral 4  6   -4.21326605151   2.4231802288
dihedral-dihedral 4  7   -4.00991156387   3.04742969755
dihedral-dihedral 4  8   -4.60299852178   2.99822838337
dihedral-dihedral 4  9   -4.00582600815   3.14178163631
dihedral-dihedral 4  10   -4.445633885   2.9826765672
dihedral-dihedral 4  11   -4.60127372577   3.19226482954
dihedral-dihedral 4  12   -5.10371035013   3.07478663864
dihedral-dihedral 4  13   -3.4873970399   3.07105783983
dihedral-dihedral 4  14   -4.35937333594   3.2528683244
dihedral-dihedral 4  15   -5.28667911599   3.01045434497
dihedral-dihedral 4  16   -4.31816256277   3.0840458979
dihedral-dihedral 4  17   -4.08351998133   3.14764367205
dihedral-dihedral 4  18   -3.59049385658   2.89640095454
dihedral-dihedral 4  19   -3.97644374   3.00620576358
dihedral-dihedral 5  6   -4.88338135936   2.31327647387
dihedral-dihedral 5  7   -4.47969786863   2.73719693953
dihedral-dihedral 5  8   -5.00292207243   2.61813287124
dihedral-dihedral 5  9   -4.44068093585   2.79661750123
dihedral-dihedral 5  10   -4.95035156682   2.70737518623
dihedral-dihedral 5  11   -5.08074981097   2.89172185196
dihedral-dihedral 5  12   -5.53856527783   2.72962250356
dihedral-dihedral 5  13   -3.99211472172   2.79575645887
dihedral-dihedral 5  14   -4.8291596407   2.94263556638
dihedral-dihedral 5  15   -5.75646542075   2.70022158695
dihedral-dihedral 5  16   -4.75301749047   2.73888176282
dihedral-dihedral 5  17   -4.51837490903   2.80247953697
dihedral-dihedral 5  18   -4.12088365619   2.64677169138
dihedral-dihedral 5  19   -4.4559198252   2.705662786
dihedral-dihedral 6  7   -4.91943540225   2.26865531637
dihedral-dihedral 6  8   -5.67162742928   2.37855907131
dihedral-dihedral 6  9   -4.95028122359   2.39793863219
dihedral-dihedral 6  10   -5.54919416955   2.39793863219
dihedral-dihedral 6  11   -5.60633243607   2.50902532028
dihedral-dihedral 6  12   -6.11802831968   2.40080638863
dihedral-dihedral 6  13   -4.50171500946   2.39707758982
dihedral-dihedral 6  14   -5.23396579726   2.43916256616
dihedral-dihedral 6  15   -6.24082411187   2.27630112129
dihedral-dihedral 6  16   -5.21799662071   2.29558173628
dihedral-dihedral 6  17   -5.03766497721   2.41349044836
dihedral-dihedral 6  18   -4.66541532099   2.28302419939
dihedral-dihedral 6  19   -4.93058873588   2.27205253989
dihedral-dihedral 7  8   -5.20437374135   2.73890933977
dihedral-dihedral 7  9   -4.64213260478   2.91739396976
dihedral-dihedral 7  10   -5.01207772751   2.68842614654
dihedral-dihedral 7  11   -5.23758032239   2.967877163
dihedral-dihedral 7  12   -5.74001694675   2.85039897209
dihedral-dihedral 7  13   -4.12370363652   2.84667017328
dihedral-dihedral 7  14   -4.99567993256   3.02848065785
dihedral-dihedral 7  15   -5.88805433556   2.75113530137
dihedral-dihedral 7  16   -4.87491662484   2.78010569679
dihedral-dihedral 7  17   -4.68489520089   2.88832462844
dihedral-dihedral 7  18   -4.19186907614   2.63708191094
dihedral-dihedral 7  19   -4.5428875825   2.71195534292
dihedral-dihedral 8  9   -5.27015093975   2.90312403264
dihedral-dihedral 8  10   -5.77982157071   2.81388171765
dihedral-dihedral 8  11   -5.91021981487   2.99822838337
dihedral-dihedral 8  12   -6.40296665878   2.87106041203
dihedral-dihedral 8  13   -4.71679059444   2.79746885911
dihedral-dihedral 8  14   -5.58876689048   2.97927934367
dihedral-dihedral 8  15   -6.48114129347   2.70193398719
dihedral-dihedral 8  16   -5.46800358275   2.73090438262
dihedral-dihedral 8  17   -5.27798215881   2.83912331426
dihedral-dihedral 8  18   -4.85481878817   2.65774335087
dihedral-dihedral 8  19   -5.13597454042   2.66275402874
dihedral-dihedral 9  10   -5.14771768002   2.92250359352
dihedral-dihedral 9  11   -5.26842614374   3.09716047881
dihedral-dihedral 9  12   -5.73593139103   2.94475091085
dihedral-dihedral 9  13   -4.15454945786   2.9759534891
dihedral-dihedral 9  14   -4.95666299979   3.08790121955
dihedral-dihedral 9  15   -5.95383153396   2.91534999424
dihedral-dihedral 9  16   -4.90576244618   2.90938901261
dihedral-dihedral 9  17   -4.75067239929   3.05253932131
dihedral-dihedral 9  18   -4.25764627454   2.80129660381
dihedral-dihedral 9  19   -4.57373340385   2.84123865873
dihedral-dihedral 10  11   -5.74316539764   2.97298678676
dihedral-dihedral 10  12   -6.14080789082   2.75071446468
dihedral-dihedral 10  13   -4.55942595765   2.78191704293
dihedral-dihedral 10  14   -5.46633363075   2.99865890455
dihedral-dihedral 10  15   -6.32377665669   2.68638217101
dihedral-dihedral 10  16   -5.38050170009   2.78521532055
dihedral-dihedral 10  17   -5.15554889908   2.85850287514
dihedral-dihedral 10  18   -4.69745415139   2.6421915347
dihedral-dihedral 10  19   -5.04847265775   2.71706496667
dihedral-dihedral 11  12   -6.43617323983   3.10002823525
dihedral-dihedral 11  13   -4.78492855254   3.06136805939
dihedral-dihedral 11  14   -5.58704209446   3.17331578984
dihedral-dihedral 11  15   -6.47941649746   2.89597043336
dihedral-dihedral 11  16   -5.46627878674   2.92494082878
dihedral-dihedral 11  17   -5.31118873985   3.06809113749
dihedral-dihedral 11  18   -4.89771514966   2.89640095454
dihedral-dihedral 11  19   -5.20411249852   2.92665322902
dihedral-dihedral 12  13   -5.2873651769   2.94388986848
dihedral-dihedral 12  14   -6.05454734176   3.02090622188
dihedral-dihedral 12  15   -6.98185312181   2.77849224245
dihedral-dihedral 12  16   -6.03857816521   2.87732539199
dihedral-dihedral 12  17   -5.81362536421   2.95061294658
dihedral-dihedral 12  18   -5.39046199357   2.76923298319
dihedral-dihedral 12  19   -5.70654912288   2.80917503811
dihedral-dihedral 13  14   -4.43823403153   3.01717742307
dihedral-dihedral 13  15   -5.36553981159   2.77476344365
dihedral-dihedral 13  16   -4.46688601248   2.91821775069
dihedral-dihedral 13  17   -4.2671748081   3.01674690189
dihedral-dihedral 13  18   -3.92356397202   2.91491947306
dihedral-dihedral 13  19   -4.12516718971   2.84037761637
dihedral-dihedral 14  15   -6.16765335351   2.8867111741
dihedral-dihedral 14  16   -5.18944701985   2.95061294658
dihedral-dihedral 14  17   -5.06928835002   3.12869463235
dihedral-dihedral 14  18   -4.54133084821   2.84252053778
dihedral-dihedral 14  19   -4.99714348575   3.02218810094
dihedral-dihedral 15  16   -6.25647830813   2.84792447539
dihedral-dihedral 15  17   -6.04121528757   2.93090181042
dihedral-dihedral 15  18   -5.43370525121   2.5651751813
dihedral-dihedral 15  19   -5.93413904624   2.78946390195
dihedral-dihedral 16  17   -5.01838779641   2.9501824254
dihedral-dihedral 16  18   -4.49043029461   2.66400833084
dihedral-dihedral 16  19   -5.03548524714   2.93291820899
dihedral-dihedral 17  18   -4.33534024772   2.80715863955
dihedral-dihedral 17  19   -4.80084266569   2.99651598314
dihedral-dihedral 18  19   -4.26319538345   2.70065210814
TOTAL 1D BONDS ENTROPY = -27.307508613
TOTAL 1D ANGLES ENTROPY = -31.2277812136
TOTAL 1D DIHEDRALS ENTROPY = -19.8030665481
TOTAL 2D BONDS-BONDS ENTROPY = -1126.37822326
TOTAL 2D BONDS-BONDS MUTUAL INFORMATION = 580.228050999
TOTAL 2D BONDS-ANGLES ENTROPY = -2382.32145566
TOTAL 2D BONDS-ANGLES MUTUAL INFORMATION = 1180.38787791
TOTAL 2D BONDS-DIHEDRALS ENTROPY = -2045.34415432
TOTAL 2D BONDS-DIHEDRALS MUTUAL INFORMATION = 1110.63709316
TOTAL 2D ANGLES-ANGLES ENTROPY = -1138.27511938
TOTAL 2D ANGLES-ANGLES MUTUAL INFORMATION = 544.947276319
TOTAL 2D ANGLES-DIHEDRALS ENTROPY = -2070.35750708
TOTAL 2D ANGLES-DIHEDRALS MUTUAL INFORMATION = 1080.96833306
TOTAL 2D DIHEDRALS-DIHEDRALS ENTROPY = -838.17778212
TOTAL 2D DIHEDRALS-DIHEDRALS MUTUAL INFORMATION = 481.722584254
TOTAL CONFIGURATIONAL ENTROPY = -5057.22957208
