#bond #atom1 #atom2 
1 8 5
2 5 4
3 4 6
4 8 9
5 8 10
6 6 1
7 6 7
8 6 13
9 10 11
10 1 2
11 1 3
12 13 12
13 13 16
14 13 20
15 12 15
16 12 18
17 20 14
18 20 21
19 20 22
20 18 19
21 14 17
#angle #atom1 #atom2 #atom3
1 8 5 4
2 5 4 6
3 4 8 9
4 4 8 10
5 4 6 1
6 4 6 7
7 4 6 13
8 8 10 11
9 6 1 2
10 6 1 3
11 6 13 12
12 6 13 16
13 6 13 20
14 13 12 15
15 13 12 18
16 13 20 14
17 13 20 21
18 13 20 22
19 12 18 19
20 20 14 17
#dihedral #atom1 #atom2 #atom3 #atom4    dihedral_type(common=0,pseudo=1,improper=-1)   phaseangle_of(-1 if no phaseangle)
1 8 5 4 6 -1 -1
2 5 4 8 9 0 -1
3 5 4 8 10 0 2
4 5 4 6 1 0 -1
5 5 4 6 7 0 4
6 5 4 6 13 0 4
7 4 8 10 11 0 -1
8 4 6 1 2 0 -1
9 4 6 1 3 0 8
10 4 6 13 12 0 -1
11 4 6 13 16 0 10
12 4 6 13 20 0 10
13 6 13 12 15 0 14
14 6 13 12 18 0 -1
15 6 13 20 14 0 -1
16 6 13 20 21 0 15
17 6 13 20 22 0 15
18 13 12 18 19 0 -1
19 13 20 14 17 0 -1
