bond 1   -0.461470053062
bond 2   -1.9526655446
bond 3   -2.83493815834
bond 4   -2.17119829138
bond 5   -2.09460226972
bond 6   -3.16899266072
bond 7   -2.46827421152
bond 8   -0.708970238748
bond 9   -2.67711858823
bond 10   -2.43869181107
bond 11   -2.77664091931
bond 12   -2.80716131739
bond 13   -3.8776320558
bond 14   -3.9352881908
bond 15   -3.20797985353
bond 16   -2.4999387841
bond 17   -2.27373748529
bond 18   -2.19670708096
bond 19   -2.78245032823
bond 20   -3.16225775824
bond 21   -3.3730670712
angle 1   -3.45537374918
angle 2   -2.09891617172
angle 3   -2.42842590618
angle 4   -3.15674240993
angle 5   -2.9532893645
angle 6   -2.19068005834
angle 7   -3.45323477244
angle 8   -2.451405141
angle 9   -2.58365615477
angle 10   -2.30729799674
angle 11   -4.0680965024
angle 12   -1.86973657578
angle 13   -3.19895481086
angle 14   -4.15173204995
angle 15   -3.98131327895
angle 16   -3.80662511421
angle 17   -2.33968316718
angle 18   -3.55697010781
angle 19   -3.45272659761
angle 20   -2.99893721727
dihedral 1   -2.10894910218
dihedral 2   -1.12215284846
dihedral 3   -1.05255230124
dihedral 4   -2.61344542847
dihedral 5   -1.59059298521
dihedral 6   -2.5301333047
dihedral 7   -2.75436650882
dihedral 8   -2.197276828
dihedral 9   -1.95995597755
dihedral 10   -2.64095142314
dihedral 11   -2.98483139006
dihedral 12   -3.40275486095
dihedral 13   -2.43979341595
dihedral 14   -3.6486265746
dihedral 15   -3.93377677937
dihedral 16   -3.33679072319
dihedral 17   -2.42611931213
dihedral 18   -3.3383816209
dihedral 19   -1.79747602743
bond-bond 1  2   -4.84219797852   2.42806238086
bond-bond 1  3   -4.98018127512   1.68377306373
bond-bond 1  4   -5.06073072531   2.42806238086
bond-bond 1  5   -4.98413470364   2.42806238086
bond-bond 1  6   -6.05852509464   2.42806238086
bond-bond 1  7   -5.04342425193   2.11367998734
bond-bond 1  8   -3.08332507041   1.9128847786
bond-bond 1  9   -5.56665102216   2.42806238086
bond-bond 1  10   -5.48541544175   2.58525357762
bond-bond 1  11   -5.66617335323   2.42806238086
bond-bond 1  12   -4.95240443418   1.68377306373
bond-bond 1  13   -6.92435568648   2.58525357762
bond-bond 1  14   -6.46683421923   2.07007597536
bond-bond 1  15   -6.09751228745   2.42806238086
bond-bond 1  16   -5.0750888245   2.11367998734
bond-bond 1  17   -5.00607872245   2.2708711841
bond-bond 1  18   -5.08623951489   2.42806238086
bond-bond 1  19   -5.20040917187   1.95648879058
bond-bond 1  20   -5.49300857792   1.86928076662
bond-bond 1  21   -6.41979070188   2.58525357762
bond-bond 2  3   -6.51498077864   1.72737707571
bond-bond 2  4   -6.75272142558   2.6288575896
bond-bond 2  5   -6.67612540391   2.6288575896
bond-bond 2  6   -7.75051579491   2.6288575896
bond-bond 2  7   -6.7354149522   2.31447519608
bond-bond 2  8   -4.93250696744   2.2708711841
bond-bond 2  9   -7.25864172243   2.6288575896
bond-bond 2  10   -7.17740614202   2.78604878636
bond-bond 2  11   -7.20097285674   2.47166639284
bond-bond 2  12   -6.64439513446   1.88456827247
bond-bond 2  13   -8.61634638675   2.78604878636
bond-bond 2  14   -8.1588249195   2.2708711841
bond-bond 2  15   -7.78950298773   2.6288575896
bond-bond 2  16   -6.76707952477   2.31447519608
bond-bond 2  17   -6.69806942272   2.47166639284
bond-bond 2  18   -6.77823021516   2.6288575896
bond-bond 2  19   -6.89239987214   2.15728399932
bond-bond 2  20   -7.18499927819   2.07007597536
bond-bond 2  21   -8.11178140216   2.78604878636
bond-bond 3  4   -6.73351352543   1.72737707571
bond-bond 3  5   -6.81410870052   1.88456827247
bond-bond 3  6   -7.73130789476   1.72737707571
bond-bond 3  7   -6.87339824881   1.57018587895
bond-bond 3  8   -5.07049026405   1.52658186697
bond-bond 3  9   -7.23943382228   1.72737707571
bond-bond 3  10   -7.15819824187   1.88456827247
bond-bond 3  11   -7.33895615335   1.72737707571
bond-bond 3  12   -7.09676082458   1.45466134885
bond-bond 3  13   -8.5971384866   1.88456827247
bond-bond 3  14   -8.13961701935   1.36939067021
bond-bond 3  15   -7.77029508757   1.72737707571
bond-bond 3  16   -6.74787162462   1.41299468219
bond-bond 3  17   -6.67886152257   1.57018587895
bond-bond 3  18   -6.91621351177   1.88456827247
bond-bond 3  19   -6.87319197199   1.25580348543
bond-bond 3  20   -7.3229825748   1.32578665823
bond-bond 3  21   -8.092573502   1.88456827247
bond-bond 4  5   -6.8946581507   2.6288575896
bond-bond 4  6   -7.9690485417   2.6288575896
bond-bond 4  7   -6.95394769899   2.31447519608
bond-bond 4  8   -4.99384851747   2.11367998734
bond-bond 4  9   -7.47717446922   2.6288575896
bond-bond 4  10   -7.39593888881   2.78604878636
bond-bond 4  11   -7.41950560353   2.47166639284
bond-bond 4  12   -6.86292788124   1.88456827247
bond-bond 4  13   -8.83487913354   2.78604878636
bond-bond 4  14   -8.37735766629   2.2708711841
bond-bond 4  15   -8.00803573452   2.6288575896
bond-bond 4  16   -6.98561227156   2.31447519608
bond-bond 4  17   -6.91660216951   2.47166639284
bond-bond 4  18   -6.99676296195   2.6288575896
bond-bond 4  19   -7.11093261893   2.15728399932
bond-bond 4  20   -7.40353202498   2.07007597536
bond-bond 4  21   -8.33031414894   2.78604878636
bond-bond 5  6   -7.89245252003   2.6288575896
bond-bond 5  7   -6.87735167732   2.31447519608
bond-bond 5  8   -5.07444369256   2.2708711841
bond-bond 5  9   -7.40057844755   2.6288575896
bond-bond 5  10   -7.31934286714   2.78604878636
bond-bond 5  11   -7.34290958186   2.47166639284
bond-bond 5  12   -6.94352305634   2.04175946923
bond-bond 5  13   -8.75828311187   2.78604878636
bond-bond 5  14   -8.30076164462   2.2708711841
bond-bond 5  15   -7.93143971285   2.6288575896
bond-bond 5  16   -6.90901624989   2.31447519608
bond-bond 5  17   -6.84000614784   2.47166639284
bond-bond 5  18   -7.07735813704   2.78604878636
bond-bond 5  19   -7.03433659726   2.15728399932
bond-bond 5  20   -7.32693600331   2.07007597536
bond-bond 5  21   -8.25371812728   2.78604878636
bond-bond 6  7   -7.95174206832   2.31447519608
bond-bond 6  8   -5.99164288681   2.11367998734
bond-bond 6  9   -8.47496883855   2.6288575896
bond-bond 6  10   -8.39373325814   2.78604878636
bond-bond 6  11   -8.41729997286   2.47166639284
bond-bond 6  12   -7.86072225058   1.88456827247
bond-bond 6  13   -9.83267350287   2.78604878636
bond-bond 6  14   -9.37515203562   2.2708711841
bond-bond 6  15   -9.00583010385   2.6288575896
bond-bond 6  16   -7.9834066409   2.31447519608
bond-bond 6  17   -7.91439653884   2.47166639284
bond-bond 6  18   -7.99455733128   2.6288575896
bond-bond 6  19   -8.10872698826   2.15728399932
bond-bond 6  20   -8.40132639432   2.07007597536
bond-bond 6  21   -9.32810851828   2.78604878636
bond-bond 7  8   -4.97654204409   1.79929759382
bond-bond 7  9   -7.45986799584   2.31447519608
bond-bond 7  10   -7.37863241543   2.47166639284
bond-bond 7  11   -7.55939032691   2.31447519608
bond-bond 7  12   -6.84562140787   1.57018587895
bond-bond 7  13   -8.81757266016   2.47166639284
bond-bond 7  14   -8.36005119291   1.95648879058
bond-bond 7  15   -7.99072926114   2.31447519608
bond-bond 7  16   -7.12549699494   2.15728399932
bond-bond 7  17   -6.89929569613   2.15728399932
bond-bond 7  18   -6.97945648857   2.31447519608
bond-bond 7  19   -7.09362614555   1.8429016058
bond-bond 7  20   -7.54341674836   1.9128847786
bond-bond 7  21   -8.31300767557   2.47166639284
bond-bond 8  9   -5.49976881432   2.11367998734
bond-bond 8  10   -5.41853323392   2.2708711841
bond-bond 8  11   -5.44209994863   1.95648879058
bond-bond 8  12   -5.19990461987   1.68377306373
bond-bond 8  13   -6.85747347864   2.2708711841
bond-bond 8  14   -6.39995201139   1.75569358184
bond-bond 8  15   -6.03063007962   2.11367998734
bond-bond 8  16   -5.00820661667   1.79929759382
bond-bond 8  17   -4.93919651461   1.95648879058
bond-bond 8  18   -5.17654850381   2.2708711841
bond-bond 8  19   -5.29071816079   1.79929759382
bond-bond 8  20   -5.42612637009   1.5548983731
bond-bond 8  21   -6.35290849405   2.2708711841
bond-bond 9  10   -7.90185918566   2.78604878636
bond-bond 9  11   -7.92542590038   2.47166639284
bond-bond 9  12   -7.36884817809   1.88456827247
bond-bond 9  13   -9.34079943039   2.78604878636
bond-bond 9  14   -8.88327796314   2.2708711841
bond-bond 9  15   -8.51395603137   2.6288575896
bond-bond 9  16   -7.64872376517   2.47166639284
bond-bond 9  17   -7.42252246636   2.47166639284
bond-bond 9  18   -7.5026832588   2.6288575896
bond-bond 9  19   -7.61685291578   2.15728399932
bond-bond 9  20   -7.90945232183   2.07007597536
bond-bond 9  21   -8.83623444579   2.78604878636
bond-bond 10  11   -7.84419031997   2.6288575896
bond-bond 10  12   -7.28761259769   2.04175946923
bond-bond 10  13   -9.25956384998   2.94323998312
bond-bond 10  14   -8.80204238273   2.42806238086
bond-bond 10  15   -8.43272045096   2.78604878636
bond-bond 10  16   -7.41029698801   2.47166639284
bond-bond 10  17   -7.34128688595   2.6288575896
bond-bond 10  18   -7.42144767839   2.78604878636
bond-bond 10  19   -7.53561733537   2.31447519608
bond-bond 10  20   -7.82821674143   2.22726717212
bond-bond 10  21   -8.75499886539   2.94323998312
bond-bond 11  12   -7.31117931241   1.72737707571
bond-bond 11  13   -9.2831305647   2.6288575896
bond-bond 11  14   -8.82560909745   2.11367998734
bond-bond 11  15   -8.45628716568   2.47166639284
bond-bond 11  16   -7.43386370272   2.15728399932
bond-bond 11  17   -7.36485360067   2.31447519608
bond-bond 11  18   -7.44501439311   2.47166639284
bond-bond 11  19   -7.55918405009   2.00009280256
bond-bond 11  20   -8.0089746529   2.07007597536
bond-bond 11  21   -8.77856558011   2.6288575896
bond-bond 12  13   -8.72655284242   2.04175946923
bond-bond 12  14   -8.42622257192   1.68377306373
bond-bond 12  15   -7.89970944339   1.88456827247
bond-bond 12  16   -7.0344771772   1.72737707571
bond-bond 12  17   -6.96546707515   1.88456827247
bond-bond 12  18   -7.04562786759   2.04175946923
bond-bond 12  19   -7.15979752457   1.57018587895
bond-bond 12  20   -7.60958812738   1.64016905175
bond-bond 12  21   -8.22198785782   2.04175946923
bond-bond 13  14   -10.2409826275   2.42806238086
bond-bond 13  15   -9.87166069569   2.78604878636
bond-bond 13  16   -8.84923723273   2.47166639284
bond-bond 13  17   -8.78022713068   2.6288575896
bond-bond 13  18   -8.86038792312   2.78604878636
bond-bond 13  19   -8.9745575801   2.31447519608
bond-bond 13  20   -9.26715698616   2.22726717212
bond-bond 13  21   -10.1939391101   2.94323998312
bond-bond 14  15   -9.41413922843   2.2708711841
bond-bond 14  16   -8.39171576548   1.95648879058
bond-bond 14  17   -8.47989686019   2.2708711841
bond-bond 14  18   -8.40286645587   2.2708711841
bond-bond 14  19   -8.67422730961   1.95648879058
bond-bond 14  20   -8.8096355189   1.71208956986
bond-bond 14  21   -9.73641764286   2.42806238086
bond-bond 15  16   -8.02239383371   2.31447519608
bond-bond 15  17   -7.95338373166   2.47166639284
bond-bond 15  18   -8.0335445241   2.6288575896
bond-bond 15  19   -8.14771418108   2.15728399932
bond-bond 15  20   -8.59750478389   2.22726717212
bond-bond 15  21   -9.36709571109   2.78604878636
bond-bond 16  17   -6.93096026871   2.15728399932
bond-bond 16  18   -7.01112106114   2.31447519608
bond-bond 16  19   -7.12529071812   1.8429016058
bond-bond 16  20   -7.57508132094   1.9128847786
bond-bond 16  21   -8.34467224814   2.47166639284
bond-bond 17  18   -6.94211095909   2.47166639284
bond-bond 17  19   -7.05628061607   2.00009280256
bond-bond 17  20   -7.34888002213   1.9128847786
bond-bond 17  21   -8.27566214609   2.6288575896
bond-bond 18  19   -7.13644140851   2.15728399932
bond-bond 18  20   -7.42904081456   2.07007597536
bond-bond 18  21   -8.35582293853   2.78604878636
bond-bond 19  20   -7.70040166831   1.75569358184
bond-bond 19  21   -8.46999259551   2.31447519608
bond-bond 20  21   -8.76259200156   2.22726717212
bond-angle 1  1   -6.3449061831   2.42806238086
bond-angle 1  2   -4.98844860564   2.42806238086
bond-angle 1  3   -5.31795834011   2.42806238086
bond-angle 1  4   -6.04627484385   2.42806238086
bond-angle 1  5   -5.52843940491   2.11367998734
bond-angle 1  6   -4.76583009874   2.11367998734
bond-angle 1  7   -6.02838481284   2.11367998734
bond-angle 1  8   -5.06822184807   2.15534665401
bond-angle 1  9   -5.47318858869   2.42806238086
bond-angle 1  10   -5.19683043066   2.42806238086
bond-angle 1  11   -7.11482013308   2.58525357762
bond-angle 1  12   -4.7592690097   2.42806238086
bond-angle 1  13   -5.20761743596   1.54719257203
bond-angle 1  14   -7.04126448388   2.42806238086
bond-angle 1  15   -7.02803690964   2.58525357762
bond-angle 1  16   -6.8533487449   2.58525357762
bond-angle 1  17   -5.07202440434   2.2708711841
bond-angle 1  18   -6.24570733299   2.22726717212
bond-angle 1  19   -6.34225903154   2.42806238086
bond-angle 1  20   -5.17249684019   1.71208956986
bond-angle 2  1   -8.03689688337   2.6288575896
bond-angle 2  2   -6.68043930591   2.6288575896
bond-angle 2  3   -7.00994904038   2.6288575896
bond-angle 2  4   -7.73826554413   2.6288575896
bond-angle 2  5   -7.37762130194   2.47166639284
bond-angle 2  6   -6.45782079902   2.31447519608
bond-angle 2  7   -7.72037551312   2.31447519608
bond-angle 2  8   -6.60302135158   2.19895066599
bond-angle 2  9   -7.16517928896   2.6288575896
bond-angle 2  10   -7.04601232769   2.78604878636
bond-angle 2  11   -8.6496196366   2.6288575896
bond-angle 2  12   -6.45125970998   2.6288575896
bond-angle 2  13   -6.74241693947   1.59079658401
bond-angle 2  14   -8.73325518415   2.6288575896
bond-angle 2  15   -8.72002760991   2.78604878636
bond-angle 2  16   -8.54533944517   2.78604878636
bond-angle 2  17   -6.76401510462   2.47166639284
bond-angle 2  18   -7.93769803327   2.42806238086
bond-angle 2  19   -8.03424973181   2.6288575896
bond-angle 2  20   -6.86448754047   1.9128847786
bond-angle 3  1   -8.01768898322   1.72737707571
bond-angle 3  2   -6.66123140576   1.72737707571
bond-angle 3  3   -7.14793233699   1.88456827247
bond-angle 3  4   -7.71905764397   1.72737707571
bond-angle 3  5   -7.35841340179   1.57018587895
bond-angle 3  6   -6.43861289886   1.41299468219
bond-angle 3  7   -8.01555000648   1.72737707571
bond-angle 3  8   -6.94179985693   1.6554565576
bond-angle 3  9   -7.14597138881   1.72737707571
bond-angle 3  10   -6.86961323078   1.72737707571
bond-angle 3  11   -8.7876029332   1.88456827247
bond-angle 3  12   -6.43205180982   1.72737707571
bond-angle 3  13   -7.46749835645   1.43360538725
bond-angle 3  14   -8.87123848076   1.88456827247
bond-angle 3  15   -8.70081970976   1.88456827247
bond-angle 3  16   -8.52613154502   1.88456827247
bond-angle 3  17   -6.90199840122   1.72737707571
bond-angle 3  18   -8.07568132987   1.68377306373
bond-angle 3  19   -8.01504183166   1.72737707571
bond-angle 3  20   -7.15966203383   1.32578665823
bond-angle 4  1   -8.25542963016   2.6288575896
bond-angle 4  2   -6.8989720527   2.6288575896
bond-angle 4  3   -7.22848178717   2.6288575896
bond-angle 4  4   -7.95679829092   2.6288575896
bond-angle 4  5   -7.43896285197   2.31447519608
bond-angle 4  6   -6.67635354581   2.31447519608
bond-angle 4  7   -7.9389082599   2.31447519608
bond-angle 4  8   -6.97874529513   2.35614186275
bond-angle 4  9   -7.38371203575   2.6288575896
bond-angle 4  10   -7.10735387772   2.6288575896
bond-angle 4  11   -8.86815238339   2.6288575896
bond-angle 4  12   -6.66979245676   2.6288575896
bond-angle 4  13   -6.96094968626   1.59079658401
bond-angle 4  14   -8.95178793094   2.6288575896
bond-angle 4  15   -8.9385603567   2.78604878636
bond-angle 4  16   -8.76387219196   2.78604878636
bond-angle 4  17   -6.98254785141   2.47166639284
bond-angle 4  18   -8.15623078005   2.42806238086
bond-angle 4  19   -8.2527824786   2.6288575896
bond-angle 4  20   -7.08302028725   1.9128847786
bond-angle 5  1   -8.1788336085   2.6288575896
bond-angle 5  2   -6.82237603103   2.6288575896
bond-angle 5  3   -7.1518857655   2.6288575896
bond-angle 5  4   -7.88020226925   2.6288575896
bond-angle 5  5   -7.3623668303   2.31447519608
bond-angle 5  6   -6.59975752414   2.31447519608
bond-angle 5  7   -7.86231223824   2.31447519608
bond-angle 5  8   -6.7449580767   2.19895066599
bond-angle 5  9   -7.30711601408   2.6288575896
bond-angle 5  10   -7.03075785605   2.6288575896
bond-angle 5  11   -8.79155636172   2.6288575896
bond-angle 5  12   -6.5931964351   2.6288575896
bond-angle 5  13   -7.04154486135   1.74798778077
bond-angle 5  14   -8.87519190927   2.6288575896
bond-angle 5  15   -8.86196433503   2.78604878636
bond-angle 5  16   -8.68727617029   2.78604878636
bond-angle 5  17   -7.0631430265   2.6288575896
bond-angle 5  18   -8.23682595515   2.58525357762
bond-angle 5  19   -8.17618645693   2.6288575896
bond-angle 5  20   -7.00642426559   1.9128847786
bond-angle 6  1   -9.2532239995   2.6288575896
bond-angle 6  2   -7.89676642203   2.6288575896
bond-angle 6  3   -8.2262761565   2.6288575896
bond-angle 6  4   -8.95459266025   2.6288575896
bond-angle 6  5   -8.4367572213   2.31447519608
bond-angle 6  6   -7.67414791514   2.31447519608
bond-angle 6  7   -8.93670262924   2.31447519608
bond-angle 6  8   -7.81934846771   2.19895066599
bond-angle 6  9   -8.38150640508   2.6288575896
bond-angle 6  10   -8.10514824706   2.6288575896
bond-angle 6  11   -9.86594675272   2.6288575896
bond-angle 6  12   -7.6675868261   2.6288575896
bond-angle 6  13   -7.95874405559   1.59079658401
bond-angle 6  14   -9.94958230027   2.6288575896
bond-angle 6  15   -9.93635472603   2.78604878636
bond-angle 6  16   -9.76166656129   2.78604878636
bond-angle 6  17   -7.98034222074   2.47166639284
bond-angle 6  18   -9.15402514939   2.42806238086
bond-angle 6  19   -9.25057684793   2.6288575896
bond-angle 6  20   -8.08081465659   1.9128847786
bond-angle 7  1   -8.23812315678   2.31447519608
bond-angle 7  2   -6.88166557932   2.31447519608
bond-angle 7  3   -7.21117531379   2.31447519608
bond-angle 7  4   -7.93949181754   2.31447519608
bond-angle 7  5   -7.73603877211   2.31447519608
bond-angle 7  6   -6.65904707243   2.00009280256
bond-angle 7  7   -8.07879298329   2.15728399932
bond-angle 7  8   -6.80424762499   1.88456827247
bond-angle 7  9   -7.36640556237   2.31447519608
bond-angle 7  10   -7.09004740434   2.31447519608
bond-angle 7  11   -8.85084591001   2.31447519608
bond-angle 7  12   -6.65248598339   2.31447519608
bond-angle 7  13   -7.2580256064   1.59079658401
bond-angle 7  14   -8.93448145756   2.31447519608
bond-angle 7  15   -8.92125388332   2.47166639284
bond-angle 7  16   -8.74656571858   2.47166639284
bond-angle 7  17   -6.96524137803   2.15728399932
bond-angle 7  18   -8.29611550344   2.2708711841
bond-angle 7  19   -8.23547600522   2.31447519608
bond-angle 7  20   -7.06571381388   1.59850238508
bond-angle 8  1   -6.27802397527   2.11367998734
bond-angle 8  2   -4.92156639781   2.11367998734
bond-angle 8  3   -5.40826732903   2.2708711841
bond-angle 8  4   -5.97939263602   2.11367998734
bond-angle 8  5   -5.61874839383   1.95648879058
bond-angle 8  6   -4.69894789091   1.79929759382
bond-angle 8  7   -6.11869380177   1.95648879058
bond-angle 8  8   -5.00133964024   1.84096426049
bond-angle 8  9   -5.56349757761   2.2708711841
bond-angle 8  10   -5.28713941959   2.2708711841
bond-angle 8  11   -6.89074672849   2.11367998734
bond-angle 8  12   -4.69238680187   2.11367998734
bond-angle 8  13   -5.49872163362   1.59079658401
bond-angle 8  14   -6.97438227604   2.11367998734
bond-angle 8  15   -6.9611547018   2.2708711841
bond-angle 8  16   -6.78646653706   2.2708711841
bond-angle 8  17   -5.16233339327   2.11367998734
bond-angle 8  18   -6.33601632192   2.07007597536
bond-angle 8  19   -6.2753768237   2.11367998734
bond-angle 8  20   -5.46360103786   1.75569358184
bond-angle 9  1   -8.76134992701   2.6288575896
bond-angle 9  2   -7.40489234955   2.6288575896
bond-angle 9  3   -7.73440208402   2.6288575896
bond-angle 9  4   -8.46271858777   2.6288575896
bond-angle 9  5   -7.94488314882   2.31447519608
bond-angle 9  6   -7.18227384266   2.31447519608
bond-angle 9  7   -8.44482855675   2.31447519608
bond-angle 9  8   -7.32747439522   2.19895066599
bond-angle 9  9   -7.8896323326   2.6288575896
bond-angle 9  10   -7.61327417457   2.6288575896
bond-angle 9  11   -9.37407268024   2.6288575896
bond-angle 9  12   -7.17571275361   2.6288575896
bond-angle 9  13   -7.46686998311   1.59079658401
bond-angle 9  14   -9.45770822779   2.6288575896
bond-angle 9  15   -9.44448065355   2.78604878636
bond-angle 9  16   -9.26979248881   2.78604878636
bond-angle 9  17   -7.48846814826   2.47166639284
bond-angle 9  18   -8.6621510769   2.42806238086
bond-angle 9  19   -8.75870277545   2.6288575896
bond-angle 9  20   -7.5889405841   1.9128847786
bond-angle 10  1   -8.68011434661   2.78604878636
bond-angle 10  2   -7.32365676914   2.78604878636
bond-angle 10  3   -7.65316650361   2.78604878636
bond-angle 10  4   -8.38148300736   2.78604878636
bond-angle 10  5   -7.86364756841   2.47166639284
bond-angle 10  6   -7.10103826225   2.47166639284
bond-angle 10  7   -8.36359297635   2.47166639284
bond-angle 10  8   -7.24623881482   2.35614186275
bond-angle 10  9   -7.80839675219   2.78604878636
bond-angle 10  10   -7.53203859417   2.78604878636
bond-angle 10  11   -9.29283709983   2.78604878636
bond-angle 10  12   -7.09447717321   2.78604878636
bond-angle 10  13   -7.3856344027   1.74798778077
bond-angle 10  14   -9.37647264738   2.78604878636
bond-angle 10  15   -9.36324507314   2.94323998312
bond-angle 10  16   -9.1885569084   2.94323998312
bond-angle 10  17   -7.40723256785   2.6288575896
bond-angle 10  18   -8.5809154965   2.58525357762
bond-angle 10  19   -8.67746719504   2.78604878636
bond-angle 10  20   -7.5077050037   2.07007597536
bond-angle 11  1   -8.70368106133   2.47166639284
bond-angle 11  2   -7.34722348386   2.47166639284
bond-angle 11  3   -7.67673321833   2.47166639284
bond-angle 11  4   -8.40504972208   2.47166639284
bond-angle 11  5   -8.04440547989   2.31447519608
bond-angle 11  6   -7.12460497697   2.15728399932
bond-angle 11  7   -8.54435088783   2.31447519608
bond-angle 11  8   -7.26980552953   2.04175946923
bond-angle 11  9   -7.83196346691   2.47166639284
bond-angle 11  10   -7.55560530889   2.47166639284
bond-angle 11  11   -9.31640381455   2.47166639284
bond-angle 11  12   -7.11804388793   2.47166639284
bond-angle 11  13   -7.56639231418   1.59079658401
bond-angle 11  14   -9.4000393621   2.47166639284
bond-angle 11  15   -9.38681178786   2.6288575896
bond-angle 11  16   -9.21212362312   2.6288575896
bond-angle 11  17   -7.43079928257   2.31447519608
bond-angle 11  18   -8.60448221122   2.2708711841
bond-angle 11  19   -8.70103390976   2.47166639284
bond-angle 11  20   -7.53127171842   1.75569358184
bond-angle 12  1   -8.14710333904   1.88456827247
bond-angle 12  2   -6.79064576158   1.88456827247
bond-angle 12  3   -7.2773466928   2.04175946923
bond-angle 12  4   -7.84847199979   1.88456827247
bond-angle 12  5   -7.33063656084   1.57018587895
bond-angle 12  6   -6.8824096482   1.88456827247
bond-angle 12  7   -7.98777316554   1.72737707571
bond-angle 12  8   -6.87041900401   1.61185254561
bond-angle 12  9   -7.27538574463   1.88456827247
bond-angle 12  10   -6.9990275866   1.88456827247
bond-angle 12  11   -8.75982609226   1.88456827247
bond-angle 12  12   -6.56146616564   1.88456827247
bond-angle 12  13   -7.16700578866   1.1608896604
bond-angle 12  14   -8.84346163982   1.88456827247
bond-angle 12  15   -8.83023406558   2.04175946923
bond-angle 12  16   -8.65554590083   2.04175946923
bond-angle 12  17   -7.03141275704   1.88456827247
bond-angle 12  18   -8.20509568569   1.84096426049
bond-angle 12  19   -8.14445618747   1.88456827247
bond-angle 12  20   -7.48987159839   1.68377306373
bond-angle 13  1   -10.1190545913   2.78604878636
bond-angle 13  2   -8.76259701387   2.78604878636
bond-angle 13  3   -9.09210674834   2.78604878636
bond-angle 13  4   -9.82042325209   2.78604878636
bond-angle 13  5   -9.30258781314   2.47166639284
bond-angle 13  6   -8.53997850698   2.47166639284
bond-angle 13  7   -9.80253322108   2.47166639284
bond-angle 13  8   -8.68517905955   2.35614186275
bond-angle 13  9   -9.24733699692   2.78604878636
bond-angle 13  10   -8.9709788389   2.78604878636
bond-angle 13  11   -10.7317773446   2.78604878636
bond-angle 13  12   -8.53341741794   2.78604878636
bond-angle 13  13   -8.82457464743   1.74798778077
bond-angle 13  14   -10.8154128921   2.78604878636
bond-angle 13  15   -10.8021853179   2.94323998312
bond-angle 13  16   -10.6274971531   2.94323998312
bond-angle 13  17   -8.84617281258   2.6288575896
bond-angle 13  18   -10.0198557412   2.58525357762
bond-angle 13  19   -10.1164074398   2.78604878636
bond-angle 13  20   -8.94664524843   2.07007597536
bond-angle 14  1   -9.66153312408   2.2708711841
bond-angle 14  2   -8.30507554662   2.2708711841
bond-angle 14  3   -8.63458528109   2.2708711841
bond-angle 14  4   -9.36290178484   2.2708711841
bond-angle 14  5   -8.84506634589   1.95648879058
bond-angle 14  6   -8.23964823648   2.11367998734
bond-angle 14  7   -9.34501175382   1.95648879058
bond-angle 14  8   -8.22765759229   1.84096426049
bond-angle 14  9   -8.78981552967   2.2708711841
bond-angle 14  10   -8.51345737164   2.2708711841
bond-angle 14  11   -10.2742558773   2.2708711841
bond-angle 14  12   -8.07589595068   2.2708711841
bond-angle 14  13   -8.36705318018   1.23281017851
bond-angle 14  14   -10.3578914249   2.2708711841
bond-angle 14  15   -10.3446638506   2.42806238086
bond-angle 14  16   -10.1699756859   2.42806238086
bond-angle 14  17   -8.38865134533   2.11367998734
bond-angle 14  18   -9.56233427397   2.07007597536
bond-angle 14  19   -9.65888597252   2.2708711841
bond-angle 14  20   -8.64631497793   1.71208956986
bond-angle 15  1   -9.29221119231   2.6288575896
bond-angle 15  2   -7.93575361485   2.6288575896
bond-angle 15  3   -8.26526334932   2.6288575896
bond-angle 15  4   -8.99357985306   2.6288575896
bond-angle 15  5   -8.47574441411   2.31447519608
bond-angle 15  6   -7.71313510795   2.31447519608
bond-angle 15  7   -8.97568982205   2.31447519608
bond-angle 15  8   -7.85833566052   2.19895066599
bond-angle 15  9   -8.4204935979   2.6288575896
bond-angle 15  10   -8.14413543987   2.6288575896
bond-angle 15  11   -9.90493394553   2.6288575896
bond-angle 15  12   -7.70657401891   2.6288575896
bond-angle 15  13   -7.99773124841   1.59079658401
bond-angle 15  14   -9.98856949309   2.6288575896
bond-angle 15  15   -9.97534191885   2.78604878636
bond-angle 15  16   -9.8006537541   2.78604878636
bond-angle 15  17   -8.01932941355   2.47166639284
bond-angle 15  18   -9.1930123422   2.42806238086
bond-angle 15  19   -9.28956404074   2.6288575896
bond-angle 15  20   -8.1198018494   1.9128847786
bond-angle 16  1   -8.26978772936   2.31447519608
bond-angle 16  2   -6.9133301519   2.31447519608
bond-angle 16  3   -7.24283988636   2.31447519608
bond-angle 16  4   -7.97115639011   2.31447519608
bond-angle 16  5   -7.45332095116   2.00009280256
bond-angle 16  6   -6.690711645   2.00009280256
bond-angle 16  7   -7.9532663591   2.00009280256
bond-angle 16  8   -6.83591219757   1.88456827247
bond-angle 16  9   -7.39807013494   2.31447519608
bond-angle 16  10   -7.12171197692   2.31447519608
bond-angle 16  11   -8.88251048258   2.31447519608
bond-angle 16  12   -6.68415055596   2.31447519608
bond-angle 16  13   -7.13249898221   1.43360538725
bond-angle 16  14   -8.96614603013   2.31447519608
bond-angle 16  15   -8.95291845589   2.47166639284
bond-angle 16  16   -8.77823029115   2.47166639284
bond-angle 16  17   -6.9969059506   2.15728399932
bond-angle 16  18   -8.32778007601   2.2708711841
bond-angle 16  19   -8.26714057779   2.31447519608
bond-angle 16  20   -7.09737838645   1.59850238508
bond-angle 17  1   -8.20077762731   2.47166639284
bond-angle 17  2   -6.84432004984   2.47166639284
bond-angle 17  3   -7.17382978431   2.47166639284
bond-angle 17  4   -7.90214628806   2.47166639284
bond-angle 17  5   -7.38431084911   2.15728399932
bond-angle 17  6   -6.77889273971   2.31447519608
bond-angle 17  7   -7.88425625705   2.15728399932
bond-angle 17  8   -6.76690209552   2.04175946923
bond-angle 17  9   -7.32906003289   2.47166639284
bond-angle 17  10   -7.05270187487   2.47166639284
bond-angle 17  11   -8.81350038053   2.47166639284
bond-angle 17  12   -6.77233165067   2.6288575896
bond-angle 17  13   -7.06348888016   1.59079658401
bond-angle 17  14   -8.89713592808   2.47166639284
bond-angle 17  15   -8.88390835384   2.6288575896
bond-angle 17  16   -8.7092201891   2.6288575896
bond-angle 17  17   -6.92789584855   2.31447519608
bond-angle 17  18   -8.1015787772   2.2708711841
bond-angle 17  19   -8.19813047574   2.47166639284
bond-angle 17  20   -7.18555948116   1.9128847786
bond-angle 18  1   -8.28093841974   2.6288575896
bond-angle 18  2   -6.92448084228   2.6288575896
bond-angle 18  3   -7.25399057675   2.6288575896
bond-angle 18  4   -7.9823070805   2.6288575896
bond-angle 18  5   -7.46447164155   2.31447519608
bond-angle 18  6   -6.70186233539   2.31447519608
bond-angle 18  7   -7.96441704949   2.31447519608
bond-angle 18  8   -6.84706288795   2.19895066599
bond-angle 18  9   -7.40922082533   2.6288575896
bond-angle 18  10   -7.1328626673   2.6288575896
bond-angle 18  11   -8.89366117297   2.6288575896
bond-angle 18  12   -6.69530124635   2.6288575896
bond-angle 18  13   -7.1436496726   1.74798778077
bond-angle 18  14   -8.97729672052   2.6288575896
bond-angle 18  15   -8.96406914628   2.78604878636
bond-angle 18  16   -8.78938098154   2.78604878636
bond-angle 18  17   -7.16524783775   2.6288575896
bond-angle 18  18   -8.3389307664   2.58525357762
bond-angle 18  19   -8.27829126818   2.6288575896
bond-angle 18  20   -7.10852907684   1.9128847786
bond-angle 19  1   -8.39510807673   2.15728399932
bond-angle 19  2   -7.03865049926   2.15728399932
bond-angle 19  3   -7.36816023373   2.15728399932
bond-angle 19  4   -8.09647673748   2.15728399932
bond-angle 19  5   -7.57864129853   1.8429016058
bond-angle 19  6   -6.81603199237   1.8429016058
bond-angle 19  7   -8.07858670647   1.8429016058
bond-angle 19  8   -6.96123254493   1.72737707571
bond-angle 19  9   -7.52339048231   2.15728399932
bond-angle 19  10   -7.24703232429   2.15728399932
bond-angle 19  11   -9.00783082995   2.15728399932
bond-angle 19  12   -6.80947090333   2.15728399932
bond-angle 19  13   -7.25781932958   1.27641419049
bond-angle 19  14   -9.0914663775   2.15728399932
bond-angle 19  15   -9.07823880326   2.31447519608
bond-angle 19  16   -8.90355063852   2.31447519608
bond-angle 19  17   -7.12222629797   2.00009280256
bond-angle 19  18   -8.29590922662   1.95648879058
bond-angle 19  19   -8.54965212192   2.31447519608
bond-angle 19  20   -7.6942723241   1.9128847786
bond-angle 20  1   -8.68770748278   2.07007597536
bond-angle 20  2   -7.33124990532   2.07007597536
bond-angle 20  3   -7.66075963978   2.07007597536
bond-angle 20  4   -8.38907614353   2.07007597536
bond-angle 20  5   -8.02843190134   1.9128847786
bond-angle 20  6   -7.10863139842   1.75569358184
bond-angle 20  7   -8.52837730928   1.9128847786
bond-angle 20  8   -7.25383195099   1.64016905175
bond-angle 20  9   -7.81598988837   2.07007597536
bond-angle 20  10   -7.53963173034   2.07007597536
bond-angle 20  11   -9.300430236   2.07007597536
bond-angle 20  12   -7.10207030938   2.07007597536
bond-angle 20  13   -7.55041873564   1.18920616653
bond-angle 20  14   -9.38406578355   2.07007597536
bond-angle 20  15   -9.37083820931   2.22726717212
bond-angle 20  16   -9.19615004457   2.22726717212
bond-angle 20  17   -7.41482570402   1.9128847786
bond-angle 20  18   -8.58850863267   1.86928076662
bond-angle 20  19   -8.68506033121   2.07007597536
bond-angle 20  20   -7.67248933663   1.51129436112
bond-angle 21  1   -9.61448960674   2.78604878636
bond-angle 21  2   -8.25803202928   2.78604878636
bond-angle 21  3   -8.58754176374   2.78604878636
bond-angle 21  4   -9.31585826749   2.78604878636
bond-angle 21  5   -8.79802282854   2.47166639284
bond-angle 21  6   -8.03541352238   2.47166639284
bond-angle 21  7   -9.29796823648   2.47166639284
bond-angle 21  8   -8.18061407495   2.35614186275
bond-angle 21  9   -8.74277201233   2.78604878636
bond-angle 21  10   -8.4664138543   2.78604878636
bond-angle 21  11   -10.22721236   2.78604878636
bond-angle 21  12   -8.02885243334   2.78604878636
bond-angle 21  13   -8.32000966284   1.74798778077
bond-angle 21  14   -10.3108479075   2.78604878636
bond-angle 21  15   -10.2976203333   2.94323998312
bond-angle 21  16   -10.1229321685   2.94323998312
bond-angle 21  17   -8.34160782798   2.6288575896
bond-angle 21  18   -9.51529075663   2.58525357762
bond-angle 21  19   -9.61184245517   2.78604878636
bond-angle 21  20   -8.44208026383   2.07007597536
bond-dihedral 1  1   -4.9984815361   2.42806238086
bond-dihedral 1  2   -4.16887647914   2.58525357762
bond-dihedral 1  3   -4.09927593193   2.58525357762
bond-dihedral 1  4   -5.34578666564   2.2708711841
bond-dihedral 1  5   -4.2793302104   2.22726717212
bond-dihedral 1  6   -5.26247454187   2.2708711841
bond-dihedral 1  7   -5.21399201913   1.99815545725
bond-dihedral 1  8   -4.72882285643   2.07007597536
bond-dihedral 1  9   -4.53510601795   2.11367998734
bond-dihedral 1  10   -5.53048385706   2.42806238086
bond-dihedral 1  11   -5.87436382398   2.42806238086
bond-dihedral 1  12   -6.29228729488   2.42806238086
bond-dihedral 1  13   -5.32932584987   2.42806238086
bond-dihedral 1  14   -5.8657902095   1.75569358184
bond-dihedral 1  15   -6.98050041005   2.58525357762
bond-dihedral 1  16   -6.06913196035   2.2708711841
bond-dihedral 1  17   -5.31565174605   2.42806238086
bond-dihedral 1  18   -6.07072285806   2.2708711841
bond-dihedral 1  19   -4.68700846135   2.42806238086
bond-dihedral 2  1   -6.69047223638   2.6288575896
bond-dihedral 2  2   -5.86086717941   2.78604878636
bond-dihedral 2  3   -5.7912666322   2.78604878636
bond-dihedral 2  4   -7.03777736591   2.47166639284
bond-dihedral 2  5   -5.97132091067   2.42806238086
bond-dihedral 2  6   -7.1116564389   2.6288575896
bond-dihedral 2  7   -6.9059827194   2.19895066599
bond-dihedral 2  8   -6.4208135567   2.2708711841
bond-dihedral 2  9   -6.22709671823   2.31447519608
bond-dihedral 2  10   -7.22247455733   2.6288575896
bond-dihedral 2  11   -7.56635452425   2.6288575896
bond-dihedral 2  12   -7.98427799515   2.6288575896
bond-dihedral 2  13   -7.02131655015   2.6288575896
bond-dihedral 2  14   -7.55778090978   1.95648879058
bond-dihedral 2  15   -8.67249111032   2.78604878636
bond-dihedral 2  16   -7.76112266063   2.47166639284
bond-dihedral 2  17   -7.00764244632   2.6288575896
bond-dihedral 2  18   -7.76271355833   2.47166639284
bond-dihedral 2  19   -6.37899916162   2.6288575896
bond-dihedral 3  1   -6.82845553298   1.88456827247
bond-dihedral 3  2   -5.84165927926   1.88456827247
bond-dihedral 3  3   -5.77205873205   1.88456827247
bond-dihedral 3  4   -7.01856946576   1.57018587895
bond-dihedral 3  5   -6.15290821926   1.72737707571
bond-dihedral 3  6   -7.09244853875   1.72737707571
bond-dihedral 3  7   -7.24476122475   1.6554565576
bond-dihedral 3  8   -6.71598805007   1.68377306373
bond-dihedral 3  9   -6.52227121159   1.72737707571
bond-dihedral 3  10   -7.20326665718   1.72737707571
bond-dihedral 3  11   -7.5471466241   1.72737707571
bond-dihedral 3  12   -7.965070095   1.72737707571
bond-dihedral 3  13   -7.15929984675   1.88456827247
bond-dihedral 3  14   -8.0101465999   1.52658186697
bond-dihedral 3  15   -8.65328321017   1.88456827247
bond-dihedral 3  16   -7.89910595723   1.72737707571
bond-dihedral 3  17   -7.14562574293   1.88456827247
bond-dihedral 3  18   -7.90069685494   1.72737707571
bond-dihedral 3  19   -6.51698245823   1.88456827247
bond-dihedral 4  1   -6.90900498317   2.6288575896
bond-dihedral 4  2   -6.0793999262   2.78604878636
bond-dihedral 4  3   -6.00979937899   2.78604878636
bond-dihedral 4  4   -7.2563101127   2.47166639284
bond-dihedral 4  5   -6.0326624607   2.2708711841
bond-dihedral 4  6   -7.17299798893   2.47166639284
bond-dihedral 4  7   -7.12451546619   2.19895066599
bond-dihedral 4  8   -6.63934630349   2.2708711841
bond-dihedral 4  9   -6.44562946501   2.31447519608
bond-dihedral 4  10   -7.44100730412   2.6288575896
bond-dihedral 4  11   -7.78488727104   2.6288575896
bond-dihedral 4  12   -8.20281074194   2.6288575896
bond-dihedral 4  13   -7.23984929693   2.6288575896
bond-dihedral 4  14   -7.77631365657   1.95648879058
bond-dihedral 4  15   -8.89102385711   2.78604878636
bond-dihedral 4  16   -7.97965540741   2.47166639284
bond-dihedral 4  17   -7.22617519311   2.6288575896
bond-dihedral 4  18   -7.98124630512   2.47166639284
bond-dihedral 4  19   -6.59753190841   2.6288575896
bond-dihedral 5  1   -6.8324089615   2.6288575896
bond-dihedral 5  2   -6.00280390453   2.78604878636
bond-dihedral 5  3   -5.93320335732   2.78604878636
bond-dihedral 5  4   -7.17971409103   2.47166639284
bond-dihedral 5  5   -6.11325763579   2.42806238086
bond-dihedral 5  6   -7.09640196726   2.47166639284
bond-dihedral 5  7   -7.04791944452   2.19895066599
bond-dihedral 5  8   -6.71994147858   2.42806238086
bond-dihedral 5  9   -6.52622464011   2.47166639284
bond-dihedral 5  10   -7.36441128245   2.6288575896
bond-dihedral 5  11   -7.70829124937   2.6288575896
bond-dihedral 5  12   -8.12621472027   2.6288575896
bond-dihedral 5  13   -7.16325327527   2.6288575896
bond-dihedral 5  14   -7.85690883166   2.11367998734
bond-dihedral 5  15   -8.81442783544   2.78604878636
bond-dihedral 5  16   -7.90305938575   2.47166639284
bond-dihedral 5  17   -7.14957917144   2.6288575896
bond-dihedral 5  18   -7.90465028345   2.47166639284
bond-dihedral 5  19   -6.52093588674   2.6288575896
bond-dihedral 6  1   -7.9067993525   2.6288575896
bond-dihedral 6  2   -7.07719429554   2.78604878636
bond-dihedral 6  3   -7.00759374832   2.78604878636
bond-dihedral 6  4   -8.25410448203   2.47166639284
bond-dihedral 6  5   -7.03045683003   2.2708711841
bond-dihedral 6  6   -8.17079235826   2.47166639284
bond-dihedral 6  7   -8.12230983553   2.19895066599
bond-dihedral 6  8   -7.63714067282   2.2708711841
bond-dihedral 6  9   -7.44342383435   2.31447519608
bond-dihedral 6  10   -8.43880167345   2.6288575896
bond-dihedral 6  11   -8.78268164037   2.6288575896
bond-dihedral 6  12   -9.20060511127   2.6288575896
bond-dihedral 6  13   -8.23764366627   2.6288575896
bond-dihedral 6  14   -8.7741080259   1.95648879058
bond-dihedral 6  15   -9.88881822645   2.78604878636
bond-dihedral 6  16   -8.97744977675   2.47166639284
bond-dihedral 6  17   -8.22396956244   2.6288575896
bond-dihedral 6  18   -8.97904067445   2.47166639284
bond-dihedral 6  19   -7.59532627775   2.6288575896
bond-dihedral 7  1   -6.89169850979   2.31447519608
bond-dihedral 7  2   -6.06209345282   2.47166639284
bond-dihedral 7  3   -5.99249290561   2.47166639284
bond-dihedral 7  4   -7.23900363932   2.15728399932
bond-dihedral 7  5   -6.01535598732   1.95648879058
bond-dihedral 7  6   -7.15569151555   2.15728399932
bond-dihedral 7  7   -7.10720899281   1.88456827247
bond-dihedral 7  8   -6.77923102687   2.11367998734
bond-dihedral 7  9   -6.74270538516   2.31447519608
bond-dihedral 7  10   -7.42370083074   2.31447519608
bond-dihedral 7  11   -7.76758079766   2.31447519608
bond-dihedral 7  12   -8.18550426856   2.31447519608
bond-dihedral 7  13   -7.22254282355   2.31447519608
bond-dihedral 7  14   -8.07338957671   1.95648879058
bond-dihedral 7  15   -8.87371738373   2.47166639284
bond-dihedral 7  16   -8.1195401308   2.31447519608
bond-dihedral 7  17   -7.20886871973   2.31447519608
bond-dihedral 7  18   -7.96393983174   2.15728399932
bond-dihedral 7  19   -6.58022543503   2.31447519608
bond-dihedral 8  1   -4.93159932827   2.11367998734
bond-dihedral 8  2   -4.10199427131   2.2708711841
bond-dihedral 8  3   -4.03239372409   2.2708711841
bond-dihedral 8  4   -5.2789044578   1.95648879058
bond-dihedral 8  5   -4.36963919932   2.07007597536
bond-dihedral 8  6   -5.35278353079   2.11367998734
bond-dihedral 8  7   -5.5050962168   2.04175946923
bond-dihedral 8  8   -4.81913184535   1.9128847786
bond-dihedral 8  9   -4.62541500688   1.95648879058
bond-dihedral 8  10   -5.46360164922   2.11367998734
bond-dihedral 8  11   -5.80748161614   2.11367998734
bond-dihedral 8  12   -6.22540508704   2.11367998734
bond-dihedral 8  13   -5.26244364204   2.11367998734
bond-dihedral 8  14   -6.11329039519   1.75569358184
bond-dihedral 8  15   -6.91361820222   2.2708711841
bond-dihedral 8  16   -6.00224975252   1.95648879058
bond-dihedral 8  17   -5.40596073498   2.2708711841
bond-dihedral 8  18   -6.16103184698   2.11367998734
bond-dihedral 8  19   -4.77731745028   2.2708711841
bond-dihedral 9  1   -7.41492528002   2.6288575896
bond-dihedral 9  2   -6.58532022305   2.78604878636
bond-dihedral 9  3   -6.51571967584   2.78604878636
bond-dihedral 9  4   -7.76223040955   2.47166639284
bond-dihedral 9  5   -6.53858275755   2.2708711841
bond-dihedral 9  6   -7.67891828578   2.47166639284
bond-dihedral 9  7   -7.63043576304   2.19895066599
bond-dihedral 9  8   -7.14526660034   2.2708711841
bond-dihedral 9  9   -6.95154976186   2.31447519608
bond-dihedral 9  10   -7.94692760097   2.6288575896
bond-dihedral 9  11   -8.29080756789   2.6288575896
bond-dihedral 9  12   -8.70873103879   2.6288575896
bond-dihedral 9  13   -7.74576959378   2.6288575896
bond-dihedral 9  14   -8.28223395341   1.95648879058
bond-dihedral 9  15   -9.39694415396   2.78604878636
bond-dihedral 9  16   -8.48557570426   2.47166639284
bond-dihedral 9  17   -7.73209548996   2.6288575896
bond-dihedral 9  18   -8.48716660197   2.47166639284
bond-dihedral 9  19   -7.10345220526   2.6288575896
bond-dihedral 10  1   -7.33368969961   2.78604878636
bond-dihedral 10  2   -6.50408464265   2.94323998312
bond-dihedral 10  3   -6.43448409543   2.94323998312
bond-dihedral 10  4   -7.68099482914   2.6288575896
bond-dihedral 10  5   -6.45734717714   2.42806238086
bond-dihedral 10  6   -7.59768270537   2.6288575896
bond-dihedral 10  7   -7.54920018264   2.35614186275
bond-dihedral 10  8   -7.06403101993   2.42806238086
bond-dihedral 10  9   -6.87031418146   2.47166639284
bond-dihedral 10  10   -7.86569202056   2.78604878636
bond-dihedral 10  11   -8.20957198748   2.78604878636
bond-dihedral 10  12   -8.62749545838   2.78604878636
bond-dihedral 10  13   -7.66453401338   2.78604878636
bond-dihedral 10  14   -8.20099837301   2.11367998734
bond-dihedral 10  15   -9.31570857356   2.94323998312
bond-dihedral 10  16   -8.40434012386   2.6288575896
bond-dihedral 10  17   -7.65085990955   2.78604878636
bond-dihedral 10  18   -8.40593102156   2.6288575896
bond-dihedral 10  19   -7.02221662486   2.78604878636
bond-dihedral 11  1   -7.35725641433   2.47166639284
bond-dihedral 11  2   -6.52765135736   2.6288575896
bond-dihedral 11  3   -6.45805081015   2.6288575896
bond-dihedral 11  4   -7.70456154386   2.31447519608
bond-dihedral 11  5   -6.48091389186   2.11367998734
bond-dihedral 11  6   -7.62124942009   2.31447519608
bond-dihedral 11  7   -7.57276689735   2.04175946923
bond-dihedral 11  8   -7.24478893141   2.2708711841
bond-dihedral 11  9   -7.05107209294   2.31447519608
bond-dihedral 11  10   -7.88925873528   2.47166639284
bond-dihedral 11  11   -8.2331387022   2.47166639284
bond-dihedral 11  12   -8.6510621731   2.47166639284
bond-dihedral 11  13   -7.6881007281   2.47166639284
bond-dihedral 11  14   -8.38175628449   1.95648879058
bond-dihedral 11  15   -9.33927528827   2.6288575896
bond-dihedral 11  16   -8.58509803534   2.47166639284
bond-dihedral 11  17   -7.67442662427   2.47166639284
bond-dihedral 11  18   -8.42949773628   2.31447519608
bond-dihedral 11  19   -7.04578333958   2.47166639284
bond-dihedral 12  1   -6.80067869204   1.88456827247
bond-dihedral 12  2   -5.97107363508   2.04175946923
bond-dihedral 12  3   -5.90147308786   2.04175946923
bond-dihedral 12  4   -7.14798382157   1.72737707571
bond-dihedral 12  5   -6.08152736633   1.68377306373
bond-dihedral 12  6   -7.0646716978   1.72737707571
bond-dihedral 12  7   -7.17338037183   1.61185254561
bond-dihedral 12  8   -6.84540240588   1.84096426049
bond-dihedral 12  9   -6.49449437065   1.72737707571
bond-dihedral 12  10   -7.332681013   1.88456827247
bond-dihedral 12  11   -7.83375217668   2.04175946923
bond-dihedral 12  12   -8.09448445081   1.88456827247
bond-dihedral 12  13   -7.28871420257   2.04175946923
bond-dihedral 12  14   -8.13956095572   1.68377306373
bond-dihedral 12  15   -8.78269756599   2.04175946923
bond-dihedral 12  16   -7.87132911629   1.72737707571
bond-dihedral 12  17   -7.27504009875   2.04175946923
bond-dihedral 12  18   -7.872920014   1.72737707571
bond-dihedral 12  19   -6.64639681405   2.04175946923
bond-dihedral 13  1   -8.77262994434   2.78604878636
bond-dihedral 13  2   -7.94302488738   2.94323998312
bond-dihedral 13  3   -7.87342434016   2.94323998312
bond-dihedral 13  4   -9.11993507387   2.6288575896
bond-dihedral 13  5   -7.89628742187   2.42806238086
bond-dihedral 13  6   -9.0366229501   2.6288575896
bond-dihedral 13  7   -8.98814042736   2.35614186275
bond-dihedral 13  8   -8.50297126466   2.42806238086
bond-dihedral 13  9   -8.30925442619   2.47166639284
bond-dihedral 13  10   -9.30463226529   2.78604878636
bond-dihedral 13  11   -9.64851223221   2.78604878636
bond-dihedral 13  12   -10.0664357031   2.78604878636
bond-dihedral 13  13   -9.10347425811   2.78604878636
bond-dihedral 13  14   -9.63993861774   2.11367998734
bond-dihedral 13  15   -10.7546488183   2.94323998312
bond-dihedral 13  16   -9.84328036859   2.6288575896
bond-dihedral 13  17   -9.08980015428   2.78604878636
bond-dihedral 13  18   -9.84487126629   2.6288575896
bond-dihedral 13  19   -8.46115686959   2.78604878636
bond-dihedral 14  1   -8.31510847709   2.2708711841
bond-dihedral 14  2   -7.48550342012   2.42806238086
bond-dihedral 14  3   -7.41590287291   2.42806238086
bond-dihedral 14  4   -8.66241360662   2.11367998734
bond-dihedral 14  5   -7.43876595462   1.9128847786
bond-dihedral 14  6   -8.57910148285   2.11367998734
bond-dihedral 14  7   -8.53061896011   1.84096426049
bond-dihedral 14  8   -8.04544979741   1.9128847786
bond-dihedral 14  9   -7.85173295893   1.95648879058
bond-dihedral 14  10   -8.84711079804   2.2708711841
bond-dihedral 14  11   -9.19099076496   2.2708711841
bond-dihedral 14  12   -9.60891423586   2.2708711841
bond-dihedral 14  13   -8.64595279085   2.2708711841
bond-dihedral 14  14   -9.33960834724   1.75569358184
bond-dihedral 14  15   -10.297127351   2.42806238086
bond-dihedral 14  16   -9.38575890133   2.11367998734
bond-dihedral 14  17   -8.63227868703   2.2708711841
bond-dihedral 14  18   -9.38734979904   2.11367998734
bond-dihedral 14  19   -8.00363540233   2.2708711841
bond-dihedral 15  1   -7.94578654531   2.6288575896
bond-dihedral 15  2   -7.11618148835   2.78604878636
bond-dihedral 15  3   -7.04658094113   2.78604878636
bond-dihedral 15  4   -8.29309167484   2.47166639284
bond-dihedral 15  5   -7.06944402285   2.2708711841
bond-dihedral 15  6   -8.20977955108   2.47166639284
bond-dihedral 15  7   -8.16129702834   2.19895066599
bond-dihedral 15  8   -7.83331906239   2.42806238086
bond-dihedral 15  9   -7.48241102716   2.31447519608
bond-dihedral 15  10   -8.47778886627   2.6288575896
bond-dihedral 15  11   -8.82166883319   2.6288575896
bond-dihedral 15  12   -9.23959230408   2.6288575896
bond-dihedral 15  13   -8.27663085908   2.6288575896
bond-dihedral 15  14   -8.81309521871   1.95648879058
bond-dihedral 15  15   -9.92780541926   2.78604878636
bond-dihedral 15  16   -9.01643696956   2.47166639284
bond-dihedral 15  17   -8.26295675526   2.6288575896
bond-dihedral 15  18   -9.01802786727   2.47166639284
bond-dihedral 15  19   -7.63431347056   2.6288575896
bond-dihedral 16  1   -6.92336308236   2.31447519608
bond-dihedral 16  2   -6.0937580254   2.47166639284
bond-dihedral 16  3   -6.02415747818   2.47166639284
bond-dihedral 16  4   -7.27066821189   2.15728399932
bond-dihedral 16  5   -6.04702055989   1.95648879058
bond-dihedral 16  6   -7.18735608812   2.15728399932
bond-dihedral 16  7   -7.13887356539   1.88456827247
bond-dihedral 16  8   -6.81089559944   2.11367998734
bond-dihedral 16  9   -6.45998756421   2.00009280256
bond-dihedral 16  10   -7.45536540331   2.31447519608
bond-dihedral 16  11   -7.79924537024   2.31447519608
bond-dihedral 16  12   -8.21716884113   2.31447519608
bond-dihedral 16  13   -7.25420739613   2.31447519608
bond-dihedral 16  14   -7.94786295252   1.79929759382
bond-dihedral 16  15   -8.90538195631   2.47166639284
bond-dihedral 16  16   -7.99401350661   2.15728399932
bond-dihedral 16  17   -7.24053329231   2.31447519608
bond-dihedral 16  18   -7.99560440431   2.15728399932
bond-dihedral 16  19   -6.61189000761   2.31447519608
bond-dihedral 17  1   -6.85435298031   2.47166639284
bond-dihedral 17  2   -6.02474792335   2.6288575896
bond-dihedral 17  3   -5.95514737613   2.6288575896
bond-dihedral 17  4   -7.20165810984   2.31447519608
bond-dihedral 17  5   -5.97801045784   2.11367998734
bond-dihedral 17  6   -7.11834598607   2.31447519608
bond-dihedral 17  7   -7.06986346333   2.04175946923
bond-dihedral 17  8   -6.58469430063   2.11367998734
bond-dihedral 17  9   -6.39097746216   2.15728399932
bond-dihedral 17  10   -7.38635530126   2.47166639284
bond-dihedral 17  11   -7.73023526818   2.47166639284
bond-dihedral 17  12   -8.14815873908   2.47166639284
bond-dihedral 17  13   -7.18519729408   2.47166639284
bond-dihedral 17  14   -7.87885285047   1.95648879058
bond-dihedral 17  15   -8.83637185426   2.6288575896
bond-dihedral 17  16   -7.92500340456   2.31447519608
bond-dihedral 17  17   -7.17152319025   2.47166639284
bond-dihedral 17  18   -7.92659430226   2.31447519608
bond-dihedral 17  19   -6.54287990556   2.47166639284
bond-dihedral 18  1   -6.93451377275   2.6288575896
bond-dihedral 18  2   -6.10490871578   2.78604878636
bond-dihedral 18  3   -6.03530816857   2.78604878636
bond-dihedral 18  4   -7.28181890228   2.47166639284
bond-dihedral 18  5   -6.21536244704   2.42806238086
bond-dihedral 18  6   -7.19850677851   2.47166639284
bond-dihedral 18  7   -7.15002425577   2.19895066599
bond-dihedral 18  8   -6.82204628983   2.42806238086
bond-dihedral 18  9   -6.62832945136   2.47166639284
bond-dihedral 18  10   -7.4665160937   2.6288575896
bond-dihedral 18  11   -7.81039606062   2.6288575896
bond-dihedral 18  12   -8.22831953152   2.6288575896
bond-dihedral 18  13   -7.26535808651   2.6288575896
bond-dihedral 18  14   -7.95901364291   2.11367998734
bond-dihedral 18  15   -8.91653264669   2.78604878636
bond-dihedral 18  16   -8.005164197   2.47166639284
bond-dihedral 18  17   -7.25168398269   2.6288575896
bond-dihedral 18  18   -8.0067550947   2.47166639284
bond-dihedral 18  19   -6.62304069799   2.6288575896
bond-dihedral 19  1   -7.04868342973   2.15728399932
bond-dihedral 19  2   -6.21907837276   2.31447519608
bond-dihedral 19  3   -6.14947782555   2.31447519608
bond-dihedral 19  4   -7.39598855926   2.00009280256
bond-dihedral 19  5   -6.17234090726   1.79929759382
bond-dihedral 19  6   -7.31267643549   2.00009280256
bond-dihedral 19  7   -7.42138510951   1.88456827247
bond-dihedral 19  8   -6.77902475005   1.79929759382
bond-dihedral 19  9   -6.58530791158   1.8429016058
bond-dihedral 19  10   -7.58068575068   2.15728399932
bond-dihedral 19  11   -8.08175691436   2.31447519608
bond-dihedral 19  12   -8.3424891885   2.15728399932
bond-dihedral 19  13   -7.3795277435   2.15728399932
bond-dihedral 19  14   -7.91599210313   1.4849152003
bond-dihedral 19  15   -9.03070230367   2.31447519608
bond-dihedral 19  16   -8.11933385398   2.00009280256
bond-dihedral 19  17   -7.36585363967   2.15728399932
bond-dihedral 19  18   -8.12092475168   2.00009280256
bond-dihedral 19  19   -6.73721035498   2.15728399932
bond-dihedral 20  1   -7.34128283578   2.07007597536
bond-dihedral 20  2   -6.51167777882   2.22726717212
bond-dihedral 20  3   -6.4420772316   2.22726717212
bond-dihedral 20  4   -7.68858796531   1.9128847786
bond-dihedral 20  5   -6.46494031331   1.71208956986
bond-dihedral 20  6   -7.60527584154   1.9128847786
bond-dihedral 20  7   -7.55679331881   1.64016905175
bond-dihedral 20  8   -7.4296105616   2.07007597536
bond-dihedral 20  9   -7.03509851439   1.9128847786
bond-dihedral 20  10   -7.87328515673   2.07007597536
bond-dihedral 20  11   -8.37435632042   2.22726717212
bond-dihedral 20  12   -8.63508859455   2.07007597536
bond-dihedral 20  13   -7.67212714955   2.07007597536
bond-dihedral 20  14   -8.36578270594   1.5548983731
bond-dihedral 20  15   -9.32330170973   2.22726717212
bond-dihedral 20  16   -8.56912445679   2.07007597536
bond-dihedral 20  17   -7.65845304573   2.07007597536
bond-dihedral 20  18   -8.41352415774   1.9128847786
bond-dihedral 20  19   -7.02980976103   2.07007597536
bond-dihedral 21  1   -8.26806495974   2.78604878636
bond-dihedral 21  2   -7.43845990278   2.94323998312
bond-dihedral 21  3   -7.36885935556   2.94323998312
bond-dihedral 21  4   -8.61537008927   2.6288575896
bond-dihedral 21  5   -7.39172243727   2.42806238086
bond-dihedral 21  6   -8.5320579655   2.6288575896
bond-dihedral 21  7   -8.48357544277   2.35614186275
bond-dihedral 21  8   -7.99840628006   2.42806238086
bond-dihedral 21  9   -7.80468944159   2.47166639284
bond-dihedral 21  10   -8.8000672807   2.78604878636
bond-dihedral 21  11   -9.14394724762   2.78604878636
bond-dihedral 21  12   -9.56187071851   2.78604878636
bond-dihedral 21  13   -8.59890927351   2.78604878636
bond-dihedral 21  14   -9.13537363314   2.11367998734
bond-dihedral 21  15   -10.2500838337   2.94323998312
bond-dihedral 21  16   -9.33871538399   2.6288575896
bond-dihedral 21  17   -8.58523516969   2.78604878636
bond-dihedral 21  18   -9.3403062817   2.6288575896
bond-dihedral 21  19   -7.95659188499   2.78604878636
angle-angle 1  2   -8.34033870726   2.78604878636
angle-angle 1  3   -8.51265724496   2.6288575896
angle-angle 1  4   -9.24097374871   2.6288575896
angle-angle 1  5   -8.72313830976   2.31447519608
angle-angle 1  6   -7.9605290036   2.31447519608
angle-angle 1  7   -9.2230837177   2.31447519608
angle-angle 1  8   -8.10572955617   2.19895066599
angle-angle 1  9   -8.66788749355   2.6288575896
angle-angle 1  10   -8.39152933552   2.6288575896
angle-angle 1  11   -10.1523278412   2.6288575896
angle-angle 1  12   -7.95396791456   2.6288575896
angle-angle 1  13   -8.24512514406   1.59079658401
angle-angle 1  14   -10.2359633887   2.6288575896
angle-angle 1  15   -10.2227358145   2.78604878636
angle-angle 1  16   -10.0480476498   2.78604878636
angle-angle 1  17   -8.2667233092   2.47166639284
angle-angle 1  18   -9.44040623785   2.42806238086
angle-angle 1  19   -9.53695793639   2.6288575896
angle-angle 1  20   -8.36719574505   1.9128847786
angle-angle 2  3   -7.1561996675   2.6288575896
angle-angle 2  4   -7.88451617125   2.6288575896
angle-angle 2  5   -7.3666807323   2.31447519608
angle-angle 2  6   -6.60407142614   2.31447519608
angle-angle 2  7   -7.86662614024   2.31447519608
angle-angle 2  8   -6.74927197871   2.19895066599
angle-angle 2  9   -7.31142991608   2.6288575896
angle-angle 2  10   -7.03507175806   2.6288575896
angle-angle 2  11   -8.79587026372   2.6288575896
angle-angle 2  12   -6.5975103371   2.6288575896
angle-angle 2  13   -6.88866756659   1.59079658401
angle-angle 2  14   -8.87950581127   2.6288575896
angle-angle 2  15   -8.86627823703   2.78604878636
angle-angle 2  16   -8.69159007229   2.78604878636
angle-angle 2  17   -6.91026573174   2.47166639284
angle-angle 2  18   -8.08394866039   2.42806238086
angle-angle 2  19   -8.18050035893   2.6288575896
angle-angle 2  20   -7.01073816759   1.9128847786
angle-angle 3  4   -8.21402590572   2.6288575896
angle-angle 3  5   -7.69619046677   2.31447519608
angle-angle 3  6   -6.93358116061   2.31447519608
angle-angle 3  7   -8.35332707146   2.47166639284
angle-angle 3  8   -7.23597290993   2.35614186275
angle-angle 3  9   -7.64093965055   2.6288575896
angle-angle 3  10   -7.36458149252   2.6288575896
angle-angle 3  11   -9.12537999819   2.6288575896
angle-angle 3  12   -6.92702007156   2.6288575896
angle-angle 3  13   -7.37536849782   1.74798778077
angle-angle 3  14   -9.20901554574   2.6288575896
angle-angle 3  15   -9.1957879715   2.78604878636
angle-angle 3  16   -9.02109980676   2.78604878636
angle-angle 3  17   -7.23977546621   2.47166639284
angle-angle 3  18   -8.41345839485   2.42806238086
angle-angle 3  19   -8.5100100934   2.6288575896
angle-angle 3  20   -7.49743909881   2.07007597536
angle-angle 4  5   -8.42450697052   2.31447519608
angle-angle 4  6   -7.66189766435   2.31447519608
angle-angle 4  7   -8.92445237845   2.31447519608
angle-angle 4  8   -7.80709821692   2.19895066599
angle-angle 4  9   -8.3692561543   2.6288575896
angle-angle 4  10   -8.09289799627   2.6288575896
angle-angle 4  11   -9.85369650193   2.6288575896
angle-angle 4  12   -7.65533657531   2.6288575896
angle-angle 4  13   -7.94649380481   1.59079658401
angle-angle 4  14   -9.93733204949   2.6288575896
angle-angle 4  15   -9.92410447525   2.78604878636
angle-angle 4  16   -9.74941631051   2.78604878636
angle-angle 4  17   -7.96809196995   2.47166639284
angle-angle 4  18   -9.1417748986   2.42806238086
angle-angle 4  19   -9.23832659715   2.6288575896
angle-angle 4  20   -8.0685644058   1.9128847786
angle-angle 5  6   -7.1440622254   2.00009280256
angle-angle 5  7   -8.56380813626   2.15728399932
angle-angle 5  8   -7.28926277797   1.88456827247
angle-angle 5  9   -7.85142071535   2.31447519608
angle-angle 5  10   -7.73225375408   2.47166639284
angle-angle 5  11   -9.33586106299   2.31447519608
angle-angle 5  12   -7.13750113636   2.31447519608
angle-angle 5  13   -7.58584956262   1.43360538725
angle-angle 5  14   -9.41949661054   2.31447519608
angle-angle 5  15   -9.4062690363   2.47166639284
angle-angle 5  16   -9.23158087156   2.47166639284
angle-angle 5  17   -7.45025653101   2.15728399932
angle-angle 5  18   -8.62393945965   2.11367998734
angle-angle 5  19   -8.7204911582   2.31447519608
angle-angle 5  20   -7.55072896685   1.59850238508
angle-angle 6  7   -7.64400763334   2.00009280256
angle-angle 6  8   -6.52665347181   1.88456827247
angle-angle 6  9   -7.08881140919   2.31447519608
angle-angle 6  10   -6.81245325116   2.31447519608
angle-angle 6  11   -8.57325175682   2.31447519608
angle-angle 6  12   -6.3748918302   2.31447519608
angle-angle 6  13   -6.82324025646   1.43360538725
angle-angle 6  14   -8.65688730438   2.31447519608
angle-angle 6  15   -8.64365973014   2.47166639284
angle-angle 6  16   -8.46897156539   2.47166639284
angle-angle 6  17   -6.8448384216   2.31447519608
angle-angle 6  18   -7.86133015349   2.11367998734
angle-angle 6  19   -7.95788185203   2.31447519608
angle-angle 6  20   -6.94531085745   1.75569358184
angle-angle 7  8   -7.94639938267   2.04175946923
angle-angle 7  9   -8.35136612329   2.31447519608
angle-angle 7  10   -8.07500796526   2.31447519608
angle-angle 7  11   -9.83580647092   2.31447519608
angle-angle 7  12   -7.6374465443   2.31447519608
angle-angle 7  13   -8.40017736408   1.74798778077
angle-angle 7  14   -9.91944201848   2.31447519608
angle-angle 7  15   -9.90621444424   2.47166639284
angle-angle 7  16   -9.73152627949   2.47166639284
angle-angle 7  17   -7.95020193894   2.15728399932
angle-angle 7  18   -9.28107606435   2.2708711841
angle-angle 7  19   -9.22043656613   2.31447519608
angle-angle 7  20   -8.20786557155   1.75569358184
angle-angle 8  9   -7.23401196176   2.19895066599
angle-angle 8  10   -6.95765380373   2.19895066599
angle-angle 8  11   -8.71845230939   2.19895066599
angle-angle 8  12   -6.52009238277   2.19895066599
angle-angle 8  13   -7.16923601777   1.5188760659
angle-angle 8  14   -8.9592790537   2.35614186275
angle-angle 8  15   -8.7888602827   2.35614186275
angle-angle 8  16   -8.61417211796   2.35614186275
angle-angle 8  17   -6.83284777741   2.04175946923
angle-angle 8  18   -8.00653070606   1.99815545725
angle-angle 8  19   -8.1030824046   2.19895066599
angle-angle 8  20   -7.09051141002   1.64016905175
angle-angle 9  10   -7.51981174111   2.6288575896
angle-angle 9  11   -9.28061024677   2.6288575896
angle-angle 9  12   -7.08225032015   2.6288575896
angle-angle 9  13   -7.5305987464   1.74798778077
angle-angle 9  14   -9.36424579432   2.6288575896
angle-angle 9  15   -9.35101822008   2.78604878636
angle-angle 9  16   -9.17633005534   2.78604878636
angle-angle 9  17   -7.39500571479   2.47166639284
angle-angle 9  18   -8.56868864344   2.42806238086
angle-angle 9  19   -8.66524034198   2.6288575896
angle-angle 9  20   -7.6526693474   2.07007597536
angle-angle 10  11   -9.00425208874   2.6288575896
angle-angle 10  12   -6.80589216212   2.6288575896
angle-angle 10  13   -7.09704939162   1.59079658401
angle-angle 10  14   -9.08788763629   2.6288575896
angle-angle 10  15   -9.07466006205   2.78604878636
angle-angle 10  16   -8.89997189731   2.78604878636
angle-angle 10  17   -7.11864755676   2.47166639284
angle-angle 10  18   -8.29233048541   2.42806238086
angle-angle 10  19   -8.38888218395   2.6288575896
angle-angle 10  20   -7.21911999261   1.9128847786
angle-angle 11  12   -8.56669066778   2.6288575896
angle-angle 11  13   -9.01503909404   1.74798778077
angle-angle 11  14   -10.848686142   2.6288575896
angle-angle 11  15   -10.8354585677   2.78604878636
angle-angle 11  16   -10.660770403   2.78604878636
angle-angle 11  17   -8.87944606242   2.47166639284
angle-angle 11  18   -10.0531289911   2.42806238086
angle-angle 11  19   -10.1496806896   2.6288575896
angle-angle 11  20   -8.97991849827   1.9128847786
angle-angle 12  13   -6.81667916742   1.74798778077
angle-angle 12  14   -8.65032621534   2.6288575896
angle-angle 12  15   -8.6370986411   2.78604878636
angle-angle 12  16   -8.46241047635   2.78604878636
angle-angle 12  17   -6.6810861358   2.47166639284
angle-angle 12  18   -7.85476906445   2.42806238086
angle-angle 12  19   -7.95132076299   2.6288575896
angle-angle 12  20   -6.78155857165   1.9128847786
angle-angle 13  14   -9.09867464159   1.74798778077
angle-angle 13  15   -8.92825587059   1.74798778077
angle-angle 13  16   -8.75356770585   1.74798778077
angle-angle 13  17   -7.28662575882   1.74798778077
angle-angle 13  18   -8.50391269945   1.74798778077
angle-angle 13  19   -8.24247799249   1.59079658401
angle-angle 13  20   -7.43070220665   1.23281017851
angle-angle 14  15   -10.9190941153   2.78604878636
angle-angle 14  16   -10.7444059505   2.78604878636
angle-angle 14  17   -8.96308160998   2.47166639284
angle-angle 14  18   -10.1367645386   2.42806238086
angle-angle 14  19   -10.2333162372   2.6288575896
angle-angle 14  20   -9.06355404583   1.9128847786
angle-angle 15  16   -10.7311783763   2.94323998312
angle-angle 15  17   -8.94985403574   2.6288575896
angle-angle 15  18   -10.1235369644   2.58525357762
angle-angle 15  19   -10.2200886629   2.78604878636
angle-angle 15  20   -9.05032647159   2.07007597536
angle-angle 16  17   -8.77516587099   2.6288575896
angle-angle 16  18   -9.94884879964   2.58525357762
angle-angle 16  19   -10.0454004982   2.78604878636
angle-angle 16  20   -8.87563830684   2.07007597536
angle-angle 17  18   -8.32471565585   2.42806238086
angle-angle 17  19   -8.26407615763   2.47166639284
angle-angle 17  20   -7.09431396629   1.75569358184
angle-angle 18  19   -9.43775908628   2.42806238086
angle-angle 18  20   -8.26799689494   1.71208956986
angle-angle 19  20   -8.52173979024   2.07007597536
angle-dihedral 1  1   -8.19318044096   2.6288575896
angle-dihedral 1  2   -7.363575384   2.78604878636
angle-dihedral 1  3   -7.29397483678   2.78604878636
angle-dihedral 1  4   -8.54048557049   2.47166639284
angle-dihedral 1  5   -7.31683791849   2.2708711841
angle-dihedral 1  6   -8.45717344672   2.47166639284
angle-dihedral 1  7   -8.40869092399   2.19895066599
angle-dihedral 1  8   -7.92352176128   2.2708711841
angle-dihedral 1  9   -7.72980492281   2.31447519608
angle-dihedral 1  10   -8.72518276192   2.6288575896
angle-dihedral 1  11   -9.06906272884   2.6288575896
angle-dihedral 1  12   -9.48698619973   2.6288575896
angle-dihedral 1  13   -8.52402475473   2.6288575896
angle-dihedral 1  14   -9.06048911436   1.95648879058
angle-dihedral 1  15   -10.1751993149   2.78604878636
angle-dihedral 1  16   -9.26383086521   2.47166639284
angle-dihedral 1  17   -8.51035065091   2.6288575896
angle-dihedral 1  18   -9.26542176292   2.47166639284
angle-dihedral 1  19   -7.88170736621   2.6288575896
angle-dihedral 2  1   -6.8367228635   2.6288575896
angle-dihedral 2  2   -6.00711780654   2.78604878636
angle-dihedral 2  3   -5.93751725932   2.78604878636
angle-dihedral 2  4   -7.18402799303   2.47166639284
angle-dihedral 2  5   -5.96038034103   2.2708711841
angle-dihedral 2  6   -7.10071586926   2.47166639284
angle-dihedral 2  7   -7.05223334653   2.19895066599
angle-dihedral 2  8   -6.56706418382   2.2708711841
angle-dihedral 2  9   -6.37334734535   2.31447519608
angle-dihedral 2  10   -7.36872518445   2.6288575896
angle-dihedral 2  11   -7.71260515137   2.6288575896
angle-dihedral 2  12   -8.13052862227   2.6288575896
angle-dihedral 2  13   -7.16756717727   2.6288575896
angle-dihedral 2  14   -7.7040315369   1.95648879058
angle-dihedral 2  15   -8.81874173745   2.78604878636
angle-dihedral 2  16   -7.90737328775   2.47166639284
angle-dihedral 2  17   -7.15389307344   2.6288575896
angle-dihedral 2  18   -7.90896418545   2.47166639284
angle-dihedral 2  19   -6.52524978875   2.6288575896
angle-dihedral 3  1   -7.16623259797   2.6288575896
angle-dihedral 3  2   -6.336627541   2.78604878636
angle-dihedral 3  3   -6.26702699379   2.78604878636
angle-dihedral 3  4   -7.5135377275   2.47166639284
angle-dihedral 3  5   -6.2898900755   2.2708711841
angle-dihedral 3  6   -7.43022560373   2.47166639284
angle-dihedral 3  7   -7.53893427775   2.35614186275
angle-dihedral 3  8   -6.89657391829   2.2708711841
angle-dihedral 3  9   -6.70285707981   2.31447519608
angle-dihedral 3  10   -7.69823491892   2.6288575896
angle-dihedral 3  11   -8.04211488584   2.6288575896
angle-dihedral 3  12   -8.46003835674   2.6288575896
angle-dihedral 3  13   -7.49707691173   2.6288575896
angle-dihedral 3  14   -8.19073246813   2.11367998734
angle-dihedral 3  15   -9.14825147191   2.78604878636
angle-dihedral 3  16   -8.23688302221   2.47166639284
angle-dihedral 3  17   -7.64059400467   2.78604878636
angle-dihedral 3  18   -8.23847391992   2.47166639284
angle-dihedral 3  19   -7.01195071997   2.78604878636
angle-dihedral 4  1   -7.89454910171   2.6288575896
angle-dihedral 4  2   -7.06494404475   2.78604878636
angle-dihedral 4  3   -6.99534349754   2.78604878636
angle-dihedral 4  4   -8.24185423125   2.47166639284
angle-dihedral 4  5   -7.01820657925   2.2708711841
angle-dihedral 4  6   -8.15854210748   2.47166639284
angle-dihedral 4  7   -8.11005958474   2.19895066599
angle-dihedral 4  8   -7.62489042204   2.2708711841
angle-dihedral 4  9   -7.43117358356   2.31447519608
angle-dihedral 4  10   -8.42655142267   2.6288575896
angle-dihedral 4  11   -8.77043138959   2.6288575896
angle-dihedral 4  12   -9.18835486049   2.6288575896
angle-dihedral 4  13   -8.22539341548   2.6288575896
angle-dihedral 4  14   -8.76185777511   1.95648879058
angle-dihedral 4  15   -9.87656797566   2.78604878636
angle-dihedral 4  16   -9.12239072272   2.6288575896
angle-dihedral 4  17   -8.21171931166   2.6288575896
angle-dihedral 4  18   -8.96679042367   2.47166639284
angle-dihedral 4  19   -7.58307602696   2.6288575896
angle-dihedral 5  1   -7.37671366277   2.31447519608
angle-dihedral 5  2   -6.5471086058   2.47166639284
angle-dihedral 5  3   -6.47750805859   2.47166639284
angle-dihedral 5  4   -7.7240187923   2.15728399932
angle-dihedral 5  5   -6.65756233706   2.11367998734
angle-dihedral 5  6   -7.79789786529   2.31447519608
angle-dihedral 5  7   -7.59222414579   1.88456827247
angle-dihedral 5  8   -7.26424617985   2.11367998734
angle-dihedral 5  9   -7.22772053813   2.31447519608
angle-dihedral 5  10   -7.90871598372   2.31447519608
angle-dihedral 5  11   -8.25259595064   2.31447519608
angle-dihedral 5  12   -8.67051942154   2.31447519608
angle-dihedral 5  13   -7.70755797653   2.31447519608
angle-dihedral 5  14   -8.40121353292   1.79929759382
angle-dihedral 5  15   -9.35873253671   2.47166639284
angle-dihedral 5  16   -8.60455528377   2.31447519608
angle-dihedral 5  17   -7.69388387271   2.31447519608
angle-dihedral 5  18   -8.44895498472   2.15728399932
angle-dihedral 5  19   -7.06524058801   2.31447519608
angle-dihedral 6  1   -6.6141043566   2.31447519608
angle-dihedral 6  2   -5.78449929964   2.47166639284
angle-dihedral 6  3   -5.71489875243   2.47166639284
angle-dihedral 6  4   -6.96140948614   2.15728399932
angle-dihedral 6  5   -5.73776183414   1.95648879058
angle-dihedral 6  6   -6.87809736237   2.15728399932
angle-dihedral 6  7   -6.82961483963   1.88456827247
angle-dihedral 6  8   -6.34444567693   1.95648879058
angle-dihedral 6  9   -6.15072883845   2.00009280256
angle-dihedral 6  10   -7.30329787432   2.47166639284
angle-dihedral 6  11   -7.48998664448   2.31447519608
angle-dihedral 6  12   -7.90791011537   2.31447519608
angle-dihedral 6  13   -6.94494867037   2.31447519608
angle-dihedral 6  14   -7.63860422676   1.79929759382
angle-dihedral 6  15   -8.59612323055   2.47166639284
angle-dihedral 6  16   -7.68475478085   2.15728399932
angle-dihedral 6  17   -6.93127456655   2.31447519608
angle-dihedral 6  18   -7.68634567856   2.15728399932
angle-dihedral 6  19   -6.30263128185   2.31447519608
angle-dihedral 7  1   -7.8766590707   2.31447519608
angle-dihedral 7  2   -7.04705401374   2.47166639284
angle-dihedral 7  3   -6.97745346652   2.47166639284
angle-dihedral 7  4   -8.22396420023   2.15728399932
angle-dihedral 7  5   -7.00031654823   1.95648879058
angle-dihedral 7  6   -8.14065207647   2.15728399932
angle-dihedral 7  7   -8.40655194725   2.19895066599
angle-dihedral 7  8   -7.76419158778   2.11367998734
angle-dihedral 7  9   -7.57047474931   2.15728399932
angle-dihedral 7  10   -8.40866139166   2.31447519608
angle-dihedral 7  11   -8.75254135858   2.31447519608
angle-dihedral 7  12   -9.17046482947   2.31447519608
angle-dihedral 7  13   -8.20750338447   2.31447519608
angle-dihedral 7  14   -9.21554133438   2.11367998734
angle-dihedral 7  15   -9.85867794465   2.47166639284
angle-dihedral 7  16   -9.10450069171   2.31447519608
angle-dihedral 7  17   -8.35102047741   2.47166639284
angle-dihedral 7  18   -8.94890039266   2.15728399932
angle-dihedral 7  19   -7.72237719271   2.47166639284
angle-dihedral 8  1   -6.75930490917   2.19895066599
angle-dihedral 8  2   -5.92969985221   2.35614186275
angle-dihedral 8  3   -5.86009930499   2.35614186275
angle-dihedral 8  4   -7.1066100387   2.04175946923
angle-dihedral 8  5   -6.04015358346   1.99815545725
angle-dihedral 8  6   -7.18048911169   2.19895066599
angle-dihedral 8  7   -7.3328017977   2.12703014788
angle-dihedral 8  8   -6.48964622949   1.84096426049
angle-dihedral 8  9   -6.29592939102   1.88456827247
angle-dihedral 8  10   -7.29130723012   2.19895066599
angle-dihedral 8  11   -7.63518719705   2.19895066599
angle-dihedral 8  12   -8.05311066794   2.19895066599
angle-dihedral 8  13   -7.09014922294   2.19895066599
angle-dihedral 8  14   -7.78380477933   1.68377306373
angle-dihedral 8  15   -8.74132378312   2.35614186275
angle-dihedral 8  16   -7.82995533342   2.04175946923
angle-dihedral 8  17   -7.23366631588   2.35614186275
angle-dihedral 8  18   -7.83154623113   2.04175946923
angle-dihedral 8  19   -6.60502303118   2.35614186275
angle-dihedral 9  1   -7.32146284655   2.6288575896
angle-dihedral 9  2   -6.49185778959   2.78604878636
angle-dihedral 9  3   -6.42225724237   2.78604878636
angle-dihedral 9  4   -7.66876797608   2.47166639284
angle-dihedral 9  5   -6.44512032408   2.2708711841
angle-dihedral 9  6   -7.58545585231   2.47166639284
angle-dihedral 9  7   -7.69416452633   2.35614186275
angle-dihedral 9  8   -7.05180416687   2.2708711841
angle-dihedral 9  9   -6.8580873284   2.31447519608
angle-dihedral 9  10   -7.8534651675   2.6288575896
angle-dihedral 9  11   -8.19734513442   2.6288575896
angle-dihedral 9  12   -8.61526860532   2.6288575896
angle-dihedral 9  13   -7.65230716032   2.6288575896
angle-dihedral 9  14   -8.18877151995   1.95648879058
angle-dihedral 9  15   -9.3034817205   2.78604878636
angle-dihedral 9  16   -8.3921132708   2.47166639284
angle-dihedral 9  17   -7.63863305649   2.6288575896
angle-dihedral 9  18   -8.55089536526   2.6288575896
angle-dihedral 9  19   -7.0099897718   2.6288575896
angle-dihedral 10  1   -7.04510468852   2.6288575896
angle-dihedral 10  2   -6.21549963156   2.78604878636
angle-dihedral 10  3   -6.14589908434   2.78604878636
angle-dihedral 10  4   -7.39240981805   2.47166639284
angle-dihedral 10  5   -6.32595336281   2.42806238086
angle-dihedral 10  6   -7.46628889104   2.6288575896
angle-dihedral 10  7   -7.26061517155   2.19895066599
angle-dihedral 10  8   -6.77544600884   2.2708711841
angle-dihedral 10  9   -6.58172917037   2.31447519608
angle-dihedral 10  10   -7.57710700948   2.6288575896
angle-dihedral 10  11   -7.9209869764   2.6288575896
angle-dihedral 10  12   -8.33891044729   2.6288575896
angle-dihedral 10  13   -7.37594900229   2.6288575896
angle-dihedral 10  14   -7.91241336192   1.95648879058
angle-dihedral 10  15   -9.02712356247   2.78604878636
angle-dihedral 10  16   -8.11575511277   2.47166639284
angle-dihedral 10  17   -7.36227489847   2.6288575896
angle-dihedral 10  18   -8.11734601048   2.47166639284
angle-dihedral 10  19   -6.73363161377   2.6288575896
angle-dihedral 11  1   -8.80590319418   2.6288575896
angle-dihedral 11  2   -7.97629813722   2.78604878636
angle-dihedral 11  3   -7.90669759001   2.78604878636
angle-dihedral 11  4   -9.15320832372   2.47166639284
angle-dihedral 11  5   -8.08675186848   2.42806238086
angle-dihedral 11  6   -9.06989619995   2.47166639284
angle-dihedral 11  7   -9.02141367721   2.19895066599
angle-dihedral 11  8   -8.53624451451   2.2708711841
angle-dihedral 11  9   -8.34252767603   2.31447519608
angle-dihedral 11  10   -9.33790551514   2.6288575896
angle-dihedral 11  11   -9.68178548206   2.6288575896
angle-dihedral 11  12   -10.099708953   2.6288575896
angle-dihedral 11  13   -9.13674750795   2.6288575896
angle-dihedral 11  14   -9.67321186758   1.95648879058
angle-dihedral 11  15   -10.7879220681   2.78604878636
angle-dihedral 11  16   -9.87655361843   2.47166639284
angle-dihedral 11  17   -9.12307340413   2.6288575896
angle-dihedral 11  18   -9.87814451614   2.47166639284
angle-dihedral 11  19   -8.49443011943   2.6288575896
angle-dihedral 12  1   -6.60754326756   2.6288575896
angle-dihedral 12  2   -5.7779382106   2.78604878636
angle-dihedral 12  3   -5.70833766338   2.78604878636
angle-dihedral 12  4   -6.95484839709   2.47166639284
angle-dihedral 12  5   -5.73120074509   2.2708711841
angle-dihedral 12  6   -6.87153627333   2.47166639284
angle-dihedral 12  7   -6.82305375059   2.19895066599
angle-dihedral 12  8   -6.33788458788   2.2708711841
angle-dihedral 12  9   -6.14416774941   2.31447519608
angle-dihedral 12  10   -7.13954558852   2.6288575896
angle-dihedral 12  11   -7.48342555544   2.6288575896
angle-dihedral 12  12   -7.90134902633   2.6288575896
angle-dihedral 12  13   -6.93838758133   2.6288575896
angle-dihedral 12  14   -7.47485194096   1.95648879058
angle-dihedral 12  15   -8.58956214151   2.78604878636
angle-dihedral 12  16   -7.67819369181   2.47166639284
angle-dihedral 12  17   -6.92471347751   2.6288575896
angle-dihedral 12  18   -7.67978458952   2.47166639284
angle-dihedral 12  19   -6.29607019281   2.6288575896
angle-dihedral 13  1   -7.05589169382   1.74798778077
angle-dihedral 13  2   -6.06909544009   1.74798778077
angle-dihedral 13  3   -5.99949489288   1.74798778077
angle-dihedral 13  4   -7.24600562659   1.43360538725
angle-dihedral 13  5   -6.38034438009   1.59079658401
angle-dihedral 13  6   -7.31988469958   1.59079658401
angle-dihedral 13  7   -7.70130910046   1.74798778077
angle-dihedral 13  8   -6.9434242109   1.54719257203
angle-dihedral 13  9   -6.74970737243   1.59079658401
angle-dihedral 13  10   -7.58789401477   1.74798778077
angle-dihedral 13  11   -7.77458278493   1.59079658401
angle-dihedral 13  12   -8.19250625583   1.59079658401
angle-dihedral 13  13   -7.22954481083   1.59079658401
angle-dihedral 13  14   -8.43837796948   1.59079658401
angle-dihedral 13  15   -8.880719371   1.74798778077
angle-dihedral 13  16   -8.12654211807   1.59079658401
angle-dihedral 13  17   -7.37306190376   1.74798778077
angle-dihedral 13  18   -8.28532421253   1.74798778077
angle-dihedral 13  19   -6.74441861907   1.74798778077
angle-dihedral 14  1   -8.88953874174   2.6288575896
angle-dihedral 14  2   -8.05993368477   2.78604878636
angle-dihedral 14  3   -7.99033313756   2.78604878636
angle-dihedral 14  4   -9.23684387127   2.47166639284
angle-dihedral 14  5   -8.17038741603   2.42806238086
angle-dihedral 14  6   -9.31072294426   2.6288575896
angle-dihedral 14  7   -9.26224042152   2.35614186275
angle-dihedral 14  8   -8.61988006206   2.2708711841
angle-dihedral 14  9   -8.42616322359   2.31447519608
angle-dihedral 14  10   -9.42154106269   2.6288575896
angle-dihedral 14  11   -9.76542102961   2.6288575896
angle-dihedral 14  12   -10.1833445005   2.6288575896
angle-dihedral 14  13   -9.2203830555   2.6288575896
angle-dihedral 14  14   -9.75684741514   1.95648879058
angle-dihedral 14  15   -10.8715576157   2.78604878636
angle-dihedral 14  16   -9.96018916599   2.47166639284
angle-dihedral 14  17   -9.20670895168   2.6288575896
angle-dihedral 14  18   -9.96178006369   2.47166639284
angle-dihedral 14  19   -8.57806566698   2.6288575896
angle-dihedral 15  1   -8.8763111675   2.78604878636
angle-dihedral 15  2   -8.04670611053   2.94323998312
angle-dihedral 15  3   -7.97710556332   2.94323998312
angle-dihedral 15  4   -9.22361629703   2.6288575896
angle-dihedral 15  5   -7.99996864503   2.42806238086
angle-dihedral 15  6   -9.14030417326   2.6288575896
angle-dihedral 15  7   -9.09182165052   2.35614186275
angle-dihedral 15  8   -8.60665248782   2.42806238086
angle-dihedral 15  9   -8.41293564935   2.47166639284
angle-dihedral 15  10   -9.40831348845   2.78604878636
angle-dihedral 15  11   -9.75219345537   2.78604878636
angle-dihedral 15  12   -10.1701169263   2.78604878636
angle-dihedral 15  13   -9.20715548126   2.78604878636
angle-dihedral 15  14   -9.7436198409   2.11367998734
angle-dihedral 15  15   -10.8583300414   2.94323998312
angle-dihedral 15  16   -9.94696159175   2.6288575896
angle-dihedral 15  17   -9.19348137744   2.78604878636
angle-dihedral 15  18   -9.94855248945   2.6288575896
angle-dihedral 15  19   -8.56483809274   2.78604878636
angle-dihedral 16  1   -8.70162300276   2.78604878636
angle-dihedral 16  2   -7.87201794579   2.94323998312
angle-dihedral 16  3   -7.80241739858   2.94323998312
angle-dihedral 16  4   -9.04892813229   2.6288575896
angle-dihedral 16  5   -7.82528048029   2.42806238086
angle-dihedral 16  6   -8.96561600852   2.6288575896
angle-dihedral 16  7   -8.91713348578   2.35614186275
angle-dihedral 16  8   -8.43196432308   2.42806238086
angle-dihedral 16  9   -8.2382474846   2.47166639284
angle-dihedral 16  10   -9.23362532371   2.78604878636
angle-dihedral 16  11   -9.57750529063   2.78604878636
angle-dihedral 16  12   -9.99542876153   2.78604878636
angle-dihedral 16  13   -9.03246731652   2.78604878636
angle-dihedral 16  14   -9.56893167615   2.11367998734
angle-dihedral 16  15   -10.6836418767   2.94323998312
angle-dihedral 16  16   -9.772273427   2.6288575896
angle-dihedral 16  17   -9.0187932127   2.78604878636
angle-dihedral 16  18   -9.77386432471   2.6288575896
angle-dihedral 16  19   -8.390149928   2.78604878636
angle-dihedral 17  1   -6.9202986622   2.47166639284
angle-dihedral 17  2   -6.09069360524   2.6288575896
angle-dihedral 17  3   -6.02109305803   2.6288575896
angle-dihedral 17  4   -7.26760379174   2.31447519608
angle-dihedral 17  5   -6.2011473365   2.2708711841
angle-dihedral 17  6   -7.18429166797   2.31447519608
angle-dihedral 17  7   -7.13580914523   2.04175946923
angle-dihedral 17  8   -6.80783117929   2.2708711841
angle-dihedral 17  9   -6.61411434081   2.31447519608
angle-dihedral 17  10   -7.60949217992   2.6288575896
angle-dihedral 17  11   -7.79618095008   2.47166639284
angle-dihedral 17  12   -8.21410442097   2.47166639284
angle-dihedral 17  13   -7.25114297597   2.47166639284
angle-dihedral 17  14   -7.94479853236   1.95648879058
angle-dihedral 17  15   -8.90231753615   2.6288575896
angle-dihedral 17  16   -7.99094908645   2.31447519608
angle-dihedral 17  17   -7.23746887215   2.47166639284
angle-dihedral 17  18   -7.99253998416   2.31447519608
angle-dihedral 17  19   -6.60882558745   2.47166639284
angle-dihedral 18  1   -8.09398159085   2.42806238086
angle-dihedral 18  2   -7.26437653389   2.58525357762
angle-dihedral 18  3   -7.19477598667   2.58525357762
angle-dihedral 18  4   -8.44128672038   2.2708711841
angle-dihedral 18  5   -7.37483026514   2.22726717212
angle-dihedral 18  6   -8.35797459661   2.2708711841
angle-dihedral 18  7   -8.46668327064   2.15534665401
angle-dihedral 18  8   -7.98151410793   2.22726717212
angle-dihedral 18  9   -7.78779726946   2.2708711841
angle-dihedral 18  10   -8.62598391181   2.42806238086
angle-dihedral 18  11   -8.96986387873   2.42806238086
angle-dihedral 18  12   -9.38778734962   2.42806238086
angle-dihedral 18  13   -8.42482590462   2.42806238086
angle-dihedral 18  14   -9.31927666975   2.11367998734
angle-dihedral 18  15   -10.0760004648   2.58525357762
angle-dihedral 18  16   -9.1646320151   2.2708711841
angle-dihedral 18  17   -8.4111518008   2.42806238086
angle-dihedral 18  18   -9.16622291281   2.2708711841
angle-dihedral 18  19   -7.7825085161   2.42806238086
angle-dihedral 19  1   -8.1905332894   2.6288575896
angle-dihedral 19  2   -7.36092823243   2.78604878636
angle-dihedral 19  3   -7.29132768522   2.78604878636
angle-dihedral 19  4   -8.53783841893   2.47166639284
angle-dihedral 19  5   -7.31419076693   2.2708711841
angle-dihedral 19  6   -8.45452629516   2.47166639284
angle-dihedral 19  7   -8.40604377242   2.19895066599
angle-dihedral 19  8   -7.92087460972   2.2708711841
angle-dihedral 19  9   -7.72715777124   2.31447519608
angle-dihedral 19  10   -8.72253561035   2.6288575896
angle-dihedral 19  11   -9.06641557727   2.6288575896
angle-dihedral 19  12   -9.48433904817   2.6288575896
angle-dihedral 19  13   -8.52137760316   2.6288575896
angle-dihedral 19  14   -9.05784196279   1.95648879058
angle-dihedral 19  15   -10.1725521633   2.78604878636
angle-dihedral 19  16   -9.26118371364   2.47166639284
angle-dihedral 19  17   -8.50770349934   2.6288575896
angle-dihedral 19  18   -9.26277461135   2.47166639284
angle-dihedral 19  19   -7.87906021464   2.6288575896
angle-dihedral 20  1   -7.02077109805   1.9128847786
angle-dihedral 20  2   -6.19116604109   2.07007597536
angle-dihedral 20  3   -6.12156549387   2.07007597536
angle-dihedral 20  4   -7.36807622758   1.75569358184
angle-dihedral 20  5   -6.14442857558   1.5548983731
angle-dihedral 20  6   -7.28476410381   1.75569358184
angle-dihedral 20  7   -7.59426798658   1.84096426049
angle-dihedral 20  8   -6.75111241837   1.5548983731
angle-dihedral 20  9   -6.5573955799   1.59850238508
angle-dihedral 20  10   -7.55277341901   1.9128847786
angle-dihedral 20  11   -8.05384458269   2.07007597536
angle-dihedral 20  12   -8.31457685682   1.9128847786
angle-dihedral 20  13   -7.50880660858   2.07007597536
angle-dihedral 20  14   -8.20246216497   1.5548983731
angle-dihedral 20  15   -9.002789972   2.07007597536
angle-dihedral 20  16   -8.0914215223   1.75569358184
angle-dihedral 20  17   -7.49513250476   2.07007597536
angle-dihedral 20  18   -8.25020361677   1.9128847786
angle-dihedral 20  19   -6.86648922006   2.07007597536
dihedral-dihedral 1  2   -6.017150737   2.78604878636
dihedral-dihedral 1  3   -5.94755018979   2.78604878636
dihedral-dihedral 1  4   -7.1940609235   2.47166639284
dihedral-dihedral 1  5   -5.9704132715   2.2708711841
dihedral-dihedral 1  6   -7.11074879973   2.47166639284
dihedral-dihedral 1  7   -7.06226627699   2.19895066599
dihedral-dihedral 1  8   -6.57709711429   2.2708711841
dihedral-dihedral 1  9   -6.38338027581   2.31447519608
dihedral-dihedral 1  10   -7.37875811492   2.6288575896
dihedral-dihedral 1  11   -7.72263808184   2.6288575896
dihedral-dihedral 1  12   -8.14056155274   2.6288575896
dihedral-dihedral 1  13   -7.17760010773   2.6288575896
dihedral-dihedral 1  14   -7.71406446736   1.95648879058
dihedral-dihedral 1  15   -8.82877466791   2.78604878636
dihedral-dihedral 1  16   -7.91740621821   2.47166639284
dihedral-dihedral 1  17   -7.16392600391   2.6288575896
dihedral-dihedral 1  18   -8.07618831268   2.6288575896
dihedral-dihedral 1  19   -6.53528271921   2.6288575896
dihedral-dihedral 2  3   -5.11794513282   2.94323998312
dihedral-dihedral 2  4   -6.36445586653   2.6288575896
dihedral-dihedral 2  5   -5.14080821453   2.42806238086
dihedral-dihedral 2  6   -6.28114374276   2.6288575896
dihedral-dihedral 2  7   -6.23266122003   2.35614186275
dihedral-dihedral 2  8   -5.74749205732   2.42806238086
dihedral-dihedral 2  9   -5.55377521885   2.47166639284
dihedral-dihedral 2  10   -6.54915305795   2.78604878636
dihedral-dihedral 2  11   -6.89303302488   2.78604878636
dihedral-dihedral 2  12   -7.31095649577   2.78604878636
dihedral-dihedral 2  13   -6.34799505077   2.78604878636
dihedral-dihedral 2  14   -6.8844594104   2.11367998734
dihedral-dihedral 2  15   -7.99916961095   2.94323998312
dihedral-dihedral 2  16   -7.08780116125   2.6288575896
dihedral-dihedral 2  17   -6.33432094695   2.78604878636
dihedral-dihedral 2  18   -7.08939205895   2.6288575896
dihedral-dihedral 2  19   -5.70567766225   2.78604878636
dihedral-dihedral 3  4   -6.29485531932   2.6288575896
dihedral-dihedral 3  5   -5.07120766732   2.42806238086
dihedral-dihedral 3  6   -6.21154319555   2.6288575896
dihedral-dihedral 3  7   -6.16306067281   2.35614186275
dihedral-dihedral 3  8   -5.67789151011   2.42806238086
dihedral-dihedral 3  9   -5.48417467163   2.47166639284
dihedral-dihedral 3  10   -6.47955251074   2.78604878636
dihedral-dihedral 3  11   -6.82343247766   2.78604878636
dihedral-dihedral 3  12   -7.24135594856   2.78604878636
dihedral-dihedral 3  13   -6.27839450355   2.78604878636
dihedral-dihedral 3  14   -6.81485886318   2.11367998734
dihedral-dihedral 3  15   -7.92956906373   2.94323998312
dihedral-dihedral 3  16   -7.01820061403   2.6288575896
dihedral-dihedral 3  17   -6.26472039973   2.78604878636
dihedral-dihedral 3  18   -7.01979151174   2.6288575896
dihedral-dihedral 3  19   -5.63607711503   2.78604878636
dihedral-dihedral 4  5   -6.31771840103   2.11367998734
dihedral-dihedral 4  6   -7.45805392926   2.31447519608
dihedral-dihedral 4  7   -7.40957140652   2.04175946923
dihedral-dihedral 4  8   -6.92440224382   2.11367998734
dihedral-dihedral 4  9   -6.73068540534   2.15728399932
dihedral-dihedral 4  10   -7.72606324445   2.47166639284
dihedral-dihedral 4  11   -8.06994321137   2.47166639284
dihedral-dihedral 4  12   -8.48786668227   2.47166639284
dihedral-dihedral 4  13   -7.52490523726   2.47166639284
dihedral-dihedral 4  14   -8.06136959689   1.79929759382
dihedral-dihedral 4  15   -9.17607979744   2.6288575896
dihedral-dihedral 4  16   -8.26471134774   2.31447519608
dihedral-dihedral 4  17   -7.51123113344   2.47166639284
dihedral-dihedral 4  18   -8.26630224545   2.31447519608
dihedral-dihedral 4  19   -6.88258784874   2.47166639284
dihedral-dihedral 5  6   -6.54878867078   2.42806238086
dihedral-dihedral 5  7   -6.34311495128   1.99815545725
dihedral-dihedral 5  8   -5.85794578858   2.07007597536
dihedral-dihedral 5  9   -5.6642289501   2.11367998734
dihedral-dihedral 5  10   -6.50241559245   2.2708711841
dihedral-dihedral 5  11   -6.84629555937   2.2708711841
dihedral-dihedral 5  12   -7.26421903027   2.2708711841
dihedral-dihedral 5  13   -6.30125758526   2.2708711841
dihedral-dihedral 5  14   -6.99491314166   1.75569358184
dihedral-dihedral 5  15   -7.95243214544   2.42806238086
dihedral-dihedral 5  16   -7.04106369574   2.11367998734
dihedral-dihedral 5  17   -6.28758348144   2.2708711841
dihedral-dihedral 5  18   -7.04265459345   2.11367998734
dihedral-dihedral 5  19   -5.65894019674   2.2708711841
dihedral-dihedral 6  7   -7.48345047951   2.19895066599
dihedral-dihedral 6  8   -6.84109012005   2.11367998734
dihedral-dihedral 6  9   -6.64737328157   2.15728399932
dihedral-dihedral 6  10   -7.64275112068   2.47166639284
dihedral-dihedral 6  11   -7.9866310876   2.47166639284
dihedral-dihedral 6  12   -8.4045545585   2.47166639284
dihedral-dihedral 6  13   -7.44159311349   2.47166639284
dihedral-dihedral 6  14   -7.97805747313   1.79929759382
dihedral-dihedral 6  15   -9.09276767367   2.6288575896
dihedral-dihedral 6  16   -8.18139922397   2.31447519608
dihedral-dihedral 6  17   -7.42791900967   2.47166639284
dihedral-dihedral 6  18   -8.18299012168   2.31447519608
dihedral-dihedral 6  19   -6.79927572497   2.47166639284
dihedral-dihedral 7  8   -6.79260759731   1.84096426049
dihedral-dihedral 7  9   -6.59889075884   1.88456827247
dihedral-dihedral 7  10   -7.59426859794   2.19895066599
dihedral-dihedral 7  11   -7.93814856486   2.19895066599
dihedral-dihedral 7  12   -8.35607203576   2.19895066599
dihedral-dihedral 7  13   -7.39311059076   2.19895066599
dihedral-dihedral 7  14   -8.24395734391   1.84096426049
dihedral-dihedral 7  15   -9.04428515094   2.35614186275
dihedral-dihedral 7  16   -8.13291670124   2.04175946923
dihedral-dihedral 7  17   -7.53662768369   2.35614186275
dihedral-dihedral 7  18   -8.2916987957   2.19895066599
dihedral-dihedral 7  19   -6.907984399   2.35614186275
dihedral-dihedral 8  9   -6.42810398965   2.2708711841
dihedral-dihedral 8  10   -7.10909943524   2.2708711841
dihedral-dihedral 8  11   -7.45297940216   2.2708711841
dihedral-dihedral 8  12   -7.87090287306   2.2708711841
dihedral-dihedral 8  13   -6.90794142805   2.2708711841
dihedral-dihedral 8  14   -7.7587881812   1.9128847786
dihedral-dihedral 8  15   -8.55911598823   2.42806238086
dihedral-dihedral 8  16   -7.80493873529   2.2708711841
dihedral-dihedral 8  17   -6.89426732423   2.2708711841
dihedral-dihedral 8  18   -7.64933843624   2.11367998734
dihedral-dihedral 8  19   -6.26562403953   2.2708711841
dihedral-dihedral 9  10   -6.91538259677   2.31447519608
dihedral-dihedral 9  11   -7.25926256369   2.31447519608
dihedral-dihedral 9  12   -7.67718603458   2.31447519608
dihedral-dihedral 9  13   -6.71422458958   2.31447519608
dihedral-dihedral 9  14   -7.56507134273   1.95648879058
dihedral-dihedral 9  15   -8.36539914976   2.47166639284
dihedral-dihedral 9  16   -7.61122189682   2.31447519608
dihedral-dihedral 9  17   -6.70055048576   2.31447519608
dihedral-dihedral 9  18   -7.45562159777   2.15728399932
dihedral-dihedral 9  19   -6.07190720106   2.31447519608
dihedral-dihedral 10  11   -8.25464040279   2.6288575896
dihedral-dihedral 10  12   -8.67256387369   2.6288575896
dihedral-dihedral 10  13   -7.70960242869   2.6288575896
dihedral-dihedral 10  14   -8.24606678832   1.95648879058
dihedral-dihedral 10  15   -9.36077698886   2.78604878636
dihedral-dihedral 10  16   -8.44940853917   2.47166639284
dihedral-dihedral 10  17   -7.69592832486   2.6288575896
dihedral-dihedral 10  18   -8.45099943687   2.47166639284
dihedral-dihedral 10  19   -7.06728504017   2.6288575896
dihedral-dihedral 11  12   -9.01644384061   2.6288575896
dihedral-dihedral 11  13   -8.05348239561   2.6288575896
dihedral-dihedral 11  14   -8.58994675524   1.95648879058
dihedral-dihedral 11  15   -9.70465695579   2.78604878636
dihedral-dihedral 11  16   -8.79328850609   2.47166639284
dihedral-dihedral 11  17   -8.03980829178   2.6288575896
dihedral-dihedral 11  18   -8.79487940379   2.47166639284
dihedral-dihedral 11  19   -7.41116500709   2.6288575896
dihedral-dihedral 12  13   -8.4714058665   2.6288575896
dihedral-dihedral 12  14   -9.00787022613   1.95648879058
dihedral-dihedral 12  15   -10.1225804267   2.78604878636
dihedral-dihedral 12  16   -9.21121197698   2.47166639284
dihedral-dihedral 12  17   -8.45773176268   2.6288575896
dihedral-dihedral 12  18   -9.21280287469   2.47166639284
dihedral-dihedral 12  19   -7.82908847798   2.6288575896
dihedral-dihedral 13  14   -8.04490878113   1.95648879058
dihedral-dihedral 13  15   -9.15961898168   2.78604878636
dihedral-dihedral 13  16   -8.24825053198   2.47166639284
dihedral-dihedral 13  17   -7.49477031768   2.6288575896
dihedral-dihedral 13  18   -8.24984142969   2.47166639284
dihedral-dihedral 13  19   -6.86612703298   2.6288575896
dihedral-dihedral 14  15   -9.69608334131   2.11367998734
dihedral-dihedral 14  16   -8.94190608837   1.95648879058
dihedral-dihedral 14  17   -8.18842587407   2.11367998734
dihedral-dihedral 14  18   -8.78630578932   1.79929759382
dihedral-dihedral 14  19   -7.55978258937   2.11367998734
dihedral-dihedral 15  16   -9.89942509216   2.6288575896
dihedral-dihedral 15  17   -9.14594487786   2.78604878636
dihedral-dihedral 15  18   -9.90101598986   2.6288575896
dihedral-dihedral 15  19   -8.51730159316   2.78604878636
dihedral-dihedral 16  17   -8.23457642816   2.47166639284
dihedral-dihedral 16  18   -8.98964754017   2.31447519608
dihedral-dihedral 16  19   -7.60593314346   2.47166639284
dihedral-dihedral 17  18   -8.23616732586   2.47166639284
dihedral-dihedral 17  19   -7.00964412592   2.78604878636
dihedral-dihedral 18  19   -7.60752404117   2.47166639284
TOTAL 1D BONDS ENTROPY = -53.8697826722
TOTAL 1D ANGLES ENTROPY = -60.5037971468
TOTAL 1D DIHEDRALS ENTROPY = -47.8789274123
TOTAL 2D BONDS-BONDS ENTROPY = -1550.83866469
TOTAL 2D BONDS-BONDS MUTUAL INFORMATION = 473.44301125
TOTAL 2D BONDS-ANGLES ENTROPY = -3313.78593885
TOTAL 2D BONDS-ANGLES MUTUAL INFORMATION = 965.81054532
TOTAL 2D BONDS-DIHEDRALS ENTROPY = -2961.72070808
TOTAL 2D BONDS-DIHEDRALS MUTUAL INFORMATION = 932.737361646
TOTAL 2D ANGLES-ANGLES ENTROPY = -1594.28725382
TOTAL 2D ANGLES-ANGLES MUTUAL INFORMATION = 444.715108028
TOTAL 2D ANGLES-DIHEDRALS ENTROPY = -3012.98582922
TOTAL 2D ANGLES-DIHEDRALS MUTUAL INFORMATION = 905.835135179
TOTAL 2D DIHEDRALS-DIHEDRALS ENTROPY = -1274.06832293
TOTAL 2D DIHEDRALS-DIHEDRALS MUTUAL INFORMATION = 412.24762951
TOTAL CONFIGURATIONAL ENTROPY = -4297.04129817
